id,name:fur,loc_name:fur,name:it,name:sl,name:de,place,kind
783336957,'Sapatoc,,Zapatocco,Zapatok,,hamlet,node
3726670398,A Davàras,A Davâras,Località Davaras,,,isolated_dwelling,node
1605067625,Adorgnan,,Adorgnano,,,village,node
5867649377,Ai Leons,,Casali dei Leoni,,,isolated_dwelling,node
492046163,Al Gjal,,Casali Gallo / Al Gjal,,,hamlet,node
384812452,Albane,Albana,Albana,,,hamlet,node
863033814,Almadis,Almades,Almadis,,,hamlet,node
2381259548,Alnêt,,Alnetto,,,hamlet,node
2174015,Alps Juliis,,Alpi Giulie,Julijske Alpe,Julische Alpen,region,relation
1531030047,Alt di Biligne,Alt di Biligna,Alt di Beligna,,,isolated_dwelling,node
2560166993,Alzers,,Braida d'Alzeri,,,isolated_dwelling,node
771208991,Ampian,,Borgo Ampiano / Ampian,,,village,node
5504660,Ancaran,,Ancarano,Ankaran,,municipality,relation
925547913,Ancone,,Ancone,,,locality,node
66502858,Andreis,Andrees,Andreis,,,village,node
1165439197,Andreuce,,Andreuzza,,,hamlet,node
863048876,Anduins,,Anduins,,,village,node
3687802576,Anfure,Anfura,Ca' Anfora,,,isolated_dwelling,node
526773827,Antognan,,Ontagnano,,,village,node
564669829,Aprilie,,Aprilia Marittima,,,village,node
66503315,Aquilee,Aquilea,Aquileia,Oglej,Aquileja,village,node
783336849,Arbeç,,Erbezzo,Arbeč,,hamlet,node
1447461325,Arcule,Archela,Località Arcola,,,hamlet,node
452419092,Are Grande,,Ara Grande,,,village,node
1116093541,Are Piçule,,Ara Piccola,,,village,node
775792804,Ariis,,Ariis,,,village,node
1280747802,Armelin,,Armellino / Armelin,,,isolated_dwelling,node
1652741627,Armelìn,,Ermellino,,,locality,node
1986133575,Armâs,,Armasio,,,isolated_dwelling,node
1461469168,Arse,,Arsa,,,hamlet,node
66503199,Atimis,,Attimis,Ahten,,village,node
814664284,Aupe,,Aupa,,,hamlet,node
2383211190,Autemus,,Autemos,,,isolated_dwelling,node
1432204549,Avon,,Avon,,,isolated_dwelling,node
357361007,Azide,,Azzida,Ažla,,village,node
2218266383,Açanel,,Azzanello,,,hamlet,node
1613529304,Bagnare,,Bagnara,,,village,node
12863355101,Bagnare,,Bagnara | Rojale,,,hamlet,node
66503159,Bagnarie,,Bagnaria Arsa,,,village,node
495951186,Bagnarole,Bagnarola,Bagnarola,,,village,node
1813482032,Baldassarie Alte,,Baldasseria Alta,,,hamlet,node
1813482016,Baldassarie Basse,,Baldasseria Bassa,,,hamlet,node
1813482019,Baldassarie Medie,,Baldasseria Media,,,hamlet,node
7325060525,Banda Crauì,,Banda Crauì,,,neighbourhood,node
7325060524,Banda Uanis,,Banda Uanis,,,neighbourhood,node
1469157453,Banduts,,Banduzzo,,,hamlet,node
9027822526,Bant,,Bando,,,hamlet,node
524659455,Bant,,Bando,,,village,node
3857779658,Bant,,Località Bant,,,isolated_dwelling,node
498732265,Banìe,,Bannia,,,village,node
1723358661,Baracêt,,Barazzetto,,,village,node
39424614,Barbane,,Isola di Barbana,Barbana,,islet,way
1437956743,Barbeadis,,Barbeadis,,,isolated_dwelling,node
485813820,Barbean,,Barbeano,,,village,node
1502197757,Barc,,Barco,,,village,node
66502851,Barcis,Barce,Barcis,,,village,node
12398753023,Barêt,,Baredo,,,hamlet,node
749251917,Basandiele,,Basaldella,,,village,node
835975108,Basangjele,Basangjela,Basaldella,,,village,node
1312361680,Baselie,,Borgo Baselia,,,hamlet,node
769200454,Baselie,Baselia,Baseglia,,,village,node
66503108,Basilian,,Basiliano,,,village,node
12992155930,Basua,,Basoia,,,hamlet,node
1487612818,Basêt,,Basedo,,,hamlet,node
835539773,Bataie,Batae,Battaglia,,,village,node
5330181720,Batifier,,Battiferro,,,locality,node
13135738640,Batèl,,Batello,,,locality,node
3727355088,Baufie,,Baufie,,,neighbourhood,node
506692519,Bean,,Begliano,,,village,node
474375887,Bean,,Beano / Bean,,,village,node
4332672774,Bearç di Pavâr,,Bearç di Pavâr,,,locality,node
2567008542,Bedoveit,,Stavoli Bedovet,,,locality,node
1423843223,Beivârs,,Beivârs,,,village,node
1545977697,Belfior,,Belfiore,,,village,node
824997485,Belgrât,Begrât,Belgrado,,,village,node
1625066664,Beliconda,,Contrada Beliconda,,,locality,node
1504261271,Beorcjan,,Beorchian,,,hamlet,node
2163611399,Beorcje,Beorcja,Beorchia,,,hamlet,node
376675031,Berde,,Berda,Budaži,,hamlet,node
4625361979,Berduce,,Località Berduce,,,isolated_dwelling,node
66503193,Bertiûl,,Bertiolo,,,village,node
5530610330,Betanie,,Betania,,,village,node
3876052146,Bevaçane,Bevassana,Bevazzana,,,village,node
625582690,Bevaçane,Bevassana,Bevazzana,,,village,node
308051319,Beveron,,Biverone,,,hamlet,node
814664285,Bevorcjans,,Bevorchians / Bevorcjans,,,village,node
4332672775,Bevorcjas,,Bevorcjas,,,locality,node
272046425,Bibion,,Bibione,,,village,node
34662591,Bibion Pinede,,Bibione Pineda,,,suburb,node
66503386,Bicinins,,Bicinicco,,,village,node
1109300717,Bicinins Disore,,Bicinicco di Sopra,,,locality,node
1109300664,Bicinins Disot,,Bicinicco di Sotto,,,locality,node
1448898994,Bielezoie,,Bellazoia,,,hamlet,node
1596672290,Bielvedê,,Belvedere,,,hamlet,node
2405139538,Bielvedê,,Belvedere / Bielvedê di Marsure,,,isolated_dwelling,node
1645521461,Bielvedê,,Belvedere / Bielvedê,,,hamlet,node
1531030049,Biligne,Biligna,Beligna,,,isolated_dwelling,node
2125656201,Biliris,,Billerio,,,village,node
1585357011,Bistrigne,,Bistrigna,,,village,node
3347533292,Blanchìs,,Blanchis,Blankiž,,isolated_dwelling,node
1314971050,Blancja,,Bianca,,,hamlet,node
777152329,Blancjade,,Piancada,,,village,node
474375898,Blauç,Blaùs,Biauzzo,,Blawutz,village,node
1531184637,Blessaie,,Blessaglia,,,village,node
418064086,Blessan,,Blessano,,,village,node
6283474929,Boarç,,Boarç,,,locality,node
850987757,Bodigoi,,Bodigoi,Budgoji,,hamlet,node
3198907777,Boldare,,Boldara,,,hamlet,node
292800302,Bolzan,,Bolzano,,,village,node
524659463,Bolzan,,Bolzano,,,isolated_dwelling,node
2471959496,Borc Avost,,Borgo Agosto,,,hamlet,node
2272785516,Borc Bombardîr,,Borgo Bombardier,,,hamlet,node
8325963533,Borc Bulons,,Borgo Bulons,,,hamlet,node
6289774254,Borc Buse,,Borgo Buse,,,hamlet,node
2232337849,Borc Candèletis,,Borgo Candeletis,,,hamlet,node
8400811006,Borc Cecon,,Borgo Ceconi,,,hamlet,node
1928645206,Borc Cjamesans,,Casolare Cjamesans,,,isolated_dwelling,node
2099878484,Borc Cjampeit,,Borgo Ciampei,,,locality,node
1470700998,Borc Cjarbonarie,,Borgo Carbonaria,,,hamlet,node
9322248231,Borc Cjascjel,,Borgo Castello,,,suburb,node
7660222331,Borc Cjastelut,,Borgo Cjastelut,,,hamlet,node
1799101527,Borc Cocean,,Borgo Coceano,,,isolated_dwelling,node
1440918957,Borc Cudili,,Borgo Cudili,,,hamlet,node
2456477469,Borc Cueste,,Borgo Costa,,,isolated_dwelling,node
1665927207,Borc Cueste,,Costa,,,hamlet,node
13353630647,Borc Curminie,,Borgo Curminie,,,hamlet,node
2301688026,Borc Dagnola,,Borgo Dagnola,,,hamlet,node
2912011888,Borc Degan,,Borgo Degano,,,hamlet,node
11847564268,Borc Disore,,Borgo di Sopra,,,hamlet,node
2232337848,Borc Dodon,,Borgo Malborghetto,,,hamlet,node
12269627863,Borc Fontanis,,Borgo Fontanis,,,isolated_dwelling,node
6289774251,Borc Foranês,,Borgo Foranesi,,,hamlet,node
1018935013,Borc Fornasir,,Borgo Fornasir,,,hamlet,node
2159593172,Borc Foràn,,,,,hamlet,node
1657632143,Borc Frattins,,Borgo Frattins,,,isolated_dwelling,node
2473220644,Borc Glemone,,Borgo Gemona,,,neighbourhood,node
1440918948,Borc Gobo,,Borgo Gobbo,,,hamlet,node
492069658,Borc Grote,Borc Grota,Grotta,,,hamlet,node
8325963532,Borc Isule,,Borgo Isola,,,hamlet,node
8325963527,Borc Lazaret,,Borgo Lazzaretto,,,hamlet,node
4506133108,Borc Lucars,,Borgo Lucardi,,,hamlet,node
3131220416,Borc Maiaron,,Borgo Maieron,,,locality,node
12330497976,Borc Maran,,Borgo Marano,,,isolated_dwelling,node
1411336755,Borc Mastrûi,,Borgo Mastrui,,,isolated_dwelling,node
2272785518,Borc Matteus,,Borgo Matteus,,,hamlet,node
2272785519,Borc Mattielig,,Borgo Mattielig,,,hamlet,node
2622477456,Borc Menis,,Borgo Menis / Borc Menis,,,hamlet,node
1605067563,Borc Michieli,,Borgo Michieli,,,hamlet,node
965436729,Borc Mieli,,Borgo Mieli,,,hamlet,node
2272785520,Borc Minins,,Borgo Minins,,,hamlet,node
3766912992,Borc Mont,,Borgo Monte,,,hamlet,node
6734558168,Borc Mulin,,Borgo Mulino,,,hamlet,node
2272785521,Borc Mulinârs,,Borgo Molinars,,,hamlet,node
2613654359,Borc Navarons,,Borgo Navarons,,,neighbourhood,node
2272785522,Borc Pecol,,Borgo Pecol,,,hamlet,node
12863355087,Borc Picci,,Borgo Picci,,,locality,node
1605067622,Borc Piç,,Borgo Piccio,,,hamlet,node
2622448846,Borc Piè d'Uviel,,Borgo Piè d'Uvie,,,hamlet,node
12992889334,Borc Poane,,Borgo Poiana,,,isolated_dwelling,node
2622477460,Borc Polac,,Borgo Polaz,,,hamlet,node
2622448847,Borc Polacia,,Borgo Polazza,,,hamlet,node
9624222657,Borc Pole,,Borgo Polla,,,hamlet,node
3631168388,Borc Pont'Ellero,,Borgo Pont'Ellero,,,neighbourhood,node
2073171308,Borc Posplata,,Borgata Posplata,,,isolated_dwelling,node
2012309545,Borc Poç,,Borgo Pozzo,,,neighbourhood,node
2272785523,Borc Pradaroncs,,Borgo Pradaroncs,,,hamlet,node
2560166986,Borc Radine,,Borgo Radina,,,neighbourhood,node
2621306975,Borc Rioni,,Borgo Rioni / Borc Rioni,,,isolated_dwelling,node
2012274363,Borc Ripudi,,Borgo Repudio,,,neighbourhood,node
3660407489,Borc Rossec,,Borgo Riosecco,,,neighbourhood,node
2012309546,Borc Sac,,Borgo Sacco,,,neighbourhood,node
2560166990,Borc Salan,,Borgo Salano,,,neighbourhood,node
2272785539,Borc Salandri,,Borgo Salandri,,,hamlet,node
2448600370,Borc San Martin,,Borgo San Martino,,,neighbourhood,node
1279045657,Borc San Pieri,,Borgo San Pietro,,,hamlet,node
9322248232,Borc San Roc,,San Rocco,Podturn,,suburb,node
969122732,Borc Sandrigo,,Borgo Sandrigo,,,hamlet,node
521794152,Borc Sant Antoni,Al borc,Borgo Sant'Antonio,,,hamlet,node
2125707127,Borc Sant Jacum,,Borgo San Giacomo / Borc Sant Jacum,,,hamlet,node
2560166992,Borc Scludiçe,,Borgo Scludizza,,,neighbourhood,node
2560166982,Borc Sclusins,,Borgo Chiusini,,,neighbourhood,node
2272785524,Borc Scovertz,,Borgo Scovertz,,,hamlet,node
1279045606,Borc Scuble,,Borgo Scubla,,,hamlet,node
2073160436,Borc Selva,,Borgata Selva,,,locality,node
9392030243,Borc Sliç,,Borgo San Leonardo,,,isolated_dwelling,node
2012309547,Borc Sorecjistiel,,Borgo Sopracastello,,,neighbourhood,node
2012273456,Borc Sotagâr,,Borgo Sottoagaro,,,neighbourhood,node
2073158563,Borc Staligjal,,Borgata Staligial,,,isolated_dwelling,node
2137784420,Borc Tamar,,Borgo Tamar,,,isolated_dwelling,node
2497597519,Borc Travasans,,Borgo Travasans,,,isolated_dwelling,node
12470938680,Borc Vert,,Borgo Verde,,,hamlet,node
5393844237,Borc Viole,Borc Viola,Borgo Viola,,,isolated_dwelling,node
1605067570,Borc Vitôr,,Borgo Vittore,,,hamlet,node
8325963530,Borc Zampariul,,Borgo Zampariul,,,hamlet,node
2433520904,Borc Zorz,,Borgo Zorz,,,hamlet,node
13585848255,Borc Zurin,,Borgo Zurini,,,suburb,node
2473224030,Borc d'Olee,,Borgo Aquileia,,,neighbourhood,node
1605067661,Borc dai Bertolds,,Borc dai Bertolds,,,neighbourhood,node
1674874466,Borc dai Burei,,Borc Burel (Borgo Gerussi),,,neighbourhood,node
1674872832,Borc dai Cjargnei,,Borgo Cjargnei,,,neighbourhood,node
1605067596,Borc dai Condui,,Borgo Condui,,,hamlet,node
1605067617,Borc dai Elars,,Borgo Ellero,,,hamlet,node
1605067604,Borc dai Filips,,Borc dai Filips,,,neighbourhood,node
1674904916,Borc dai Foscje,,Borc Foscje,,,neighbourhood,node
5477552616,Borc dai Fraris,,Borc dai Fraris,,,neighbourhood,node
9330016317,Borc dai Fâris,,Borgo Faris,,,hamlet,node
2125707130,Borc dai Gois,,Gois,,,neighbourhood,node
1674910775,Borc dai Menots,,Borgo Menots,,,neighbourhood,node
10308442132,Borc dai Michelins,,Borgo dei Michelini,,,hamlet,node
1674912805,Borc dai Sclâfs,,Borgo Sclâfs,,,hamlet,node
1605067598,Borc dai Tams,,Borc Tam,,,neighbourhood,node
915658602,Borc dal Mulin,,Molino,,,neighbourhood,node
2912011889,Borc dal Puint,,Borgo Ponte,,,hamlet,node
2090064002,Borc dal Soreli,,Borgo al Sole,,,hamlet,node
2656705928,Borc de Midune,,Borgo Meduna,,,suburb,node
2162592265,Borc de Roe,,,,,hamlet,node
1674872474,Borc di 'Dree,,Borc di 'Dree (Borc dai Benedets),,,neighbourhood,node
1504261430,Borc di Arman,,Oltretorre,,,hamlet,node
2473224035,Borc di Graçan,,Borgo Grazzano,,,neighbourhood,node
9624222656,Borc di Madone,,Borgo Madonna / Borc di Madone,,,hamlet,node
4502148204,Borc di Marsuris,,Borgo Marsuris,,,isolated_dwelling,node
4490190096,Borc di Mase,,Borgo Mase,,,hamlet,node
12466622025,Borc di Mieç,,Borgo di Mezzo,,,hamlet,node
1166303595,Borc di Mieç,,Borgo di Mezzo,Srednja vas,,hamlet,node
2232339165,Borc di Pac,,Borgo Pacco,,,isolated_dwelling,node
2473220646,Borc di Praclûs,,Borgo Pracchiuso,,,neighbourhood,node
2473230761,Borc di Puscuel,,Borgo Poscolle,,,neighbourhood,node
2125707126,Borc di Roce,,Borgo Rozza,,,hamlet,node
6971478816,Borc di Ruscitz,,Borgo Ruscitz,,,isolated_dwelling,node
1520943820,Borc di San Maur,,Borgo San Mauro,,,hamlet,node
2125707131,Borc di San Piêri,,San Pietro,,,neighbourhood,node
2473220033,Borc di Sant Lazar,,Borgo di San Lazzaro,,,neighbourhood,node
13585848260,Borc di Sore,,Borgo di Sopra,,,hamlet,node
13585848259,Borc di Sot,,Borgo di Sotto,,,hamlet,node
4490187881,Borc di Vale,,Borgo Vale,,,hamlet,node
2473220030,Borc di Vilalte,,Borgo Villalta,,,neighbourhood,node
5480658544,Borc di Viola,,Borgo Viola,,,neighbourhood,node
1987352482,Borc Çuc,,Borgo Zucco,,,hamlet,node
66503194,Bordan,,Bordano,,,village,node
376672611,Bordòn,,Bordon,Bordoni,,hamlet,node
11990146125,Boreane,,Boreana,,,hamlet,node
1592869806,Borghet,,Borghetto,,,isolated_dwelling,node
304291081,Borgnan,,Borgnano,Bornjan,,hamlet,node
1674908140,Borgobel,,Borgobello,,,neighbourhood,node
5327129119,Bosc Bordalie,,Bosco Bordaglia,,,locality,node
5327121676,Bosc Cjarandis,,Bosco Chiarandis,,,locality,node
5327126074,Bosc Cuestis,,Bosco Questis,,,locality,node
5281828226,Bosc Frau,,Bosco Frau,,,locality,node
4897190828,Bosc Gjai,,Bosco Giai,,,locality,node
5295743921,Bosc Gjai,,Bosco Giai,,,locality,node
5295739488,Bosc Lunça,,Bosco La Lunza,,,locality,node
1873256216,Bosc Molec,,Bosco Moleco,,,locality,node
5282107144,Bosc Palis,,Bosco Palis,,,locality,node
5282067021,Bosc Pinade,,Bosco Pineta,,,locality,node
5327126073,Bosc Sutul,,Bosco Suttul,,,locality,node
5283461813,Bosc dai Mantica,,Bosco dei Mantica,,,locality,node
5295735587,Bosc di Cjaulis,Bosc di Cjaules,Bosco Di Chiaulis,,,locality,node
5295739016,Bosc di Faeit,,Bosc Faeit,,,locality,node
5295730835,Bosc di Formeâs,,Bosco di Formeaso,,,locality,node
5295739489,Bosc di Pales,,Bosco Palis,,,locality,node
5295739821,Bosc di Zouf,,Bosco di Zof,,,locality,node
5327126075,Bosc sôra Colareit,,Bosco Sopra Colaret,,,locality,node
5282107145,Bosc Çuchiet,,Bosco Zucchiet,,,locality,node
3875037629,Boscat,,Località Boscat,,,isolated_dwelling,node
5867618342,Boscat,,Boscat,,,isolated_dwelling,node
1645521472,Boscat,,Boscat,,,hamlet,node
6283474906,Boscut,,Boscut,,,locality,node
6283474888,Bracie,,Bracie,,,locality,node
6283474886,Bracie,,Roncjade,,,locality,node
863052673,Braide,Braida,Braida / Braide,,,hamlet,node
1297033850,Braide,Braida,Braida,,,hamlet,node
11778659443,Braide Botari,,Braida Bottari,,,hamlet,node
925547925,Braide Gnove,,Braida Nuova,,,locality,node
925547895,Braide dal Troi,,Braide dal Troi,,,locality,node
924559033,Braide de Tor,,Braida del Torre,,,locality,node
5279679788,Braide di Cjase,,Braida di Casa,,,locality,node
925548030,Braide di Mieç,,Braide di Mieç,,,locality,node
912111622,Braide di Sante Marie,,Braida Santa Maria,,,locality,node
1481801588,Braidecurtis,Braidacurtis,Braidacurti,,,hamlet,node
1605067567,Braidemate,,Braidamatta,,,village,node
4332672776,Branc,,Branc,,,locality,node
1463853326,Branc,,Branco,,,hamlet,node
1652741622,Brancul,,Brancolo,,,isolated_dwelling,node
3833973883,Brandulin,,Brandolin,,,isolated_dwelling,node
452430605,Braulins,,Braulins,,,village,node
3389151355,Brec,,Bregh,,,isolated_dwelling,node
759807564,Bresse,,Bressa,,,village,node
307463399,Breçan,Brezan,Brazzano,Bračan,,hamlet,node
759824374,Breçà,,Brazzacco,,,village,node
925548048,Breòn,,Breòn,,,locality,node
2680255442,Briscjis,,Brischis,Brišče,,isolated_dwelling,node
354633590,Briscjis,,Brischis,Brišče,,hamlet,node
6283474376,Broilis,,Broilis,,,locality,node
3891329223,Bronzan,,Bronzan,,,isolated_dwelling,node
1463874003,Bronzâs,,Borgo Bronzacco,,,neighbourhood,node
66502961,Brugnere,,Brugnera,,,village,node
9291189315,Brusse,,Brussa,,,hamlet,node
1873256218,Brustulaz,,Terreno Bruciato,,,locality,node
6283474937,Buade,,Buade,,,locality,node
3387743079,Budignàc,,Budignacco / Budignac,,,locality,node
66502874,Budoie,Buduoia,Budoia,,,village,node
1111948979,Bueriis,,Bueriis,,,village,node
824987612,Bugnins,,Bugnins,,,village,node
3917289908,Bugnins Vecjo,,Bugnins Vecchio,,,hamlet,node
66503091,Buie,,Buja,,,village,node
963874300,Buinevile,,Bonavilla,,,hamlet,node
796694200,Bunzic,,Bonzicco / Bunzic,,,village,node
550388334,Burdighe,,Bordiga,,,hamlet,node
66503188,Buri,,Buttrio,,,village,node
1308211129,Buriç,,Buric,,,isolated_dwelling,node
4332672777,Busa di Moro,,Busa di Moro,,,locality,node
6283474934,Busatas,,Busatas,,,locality,node
1444347144,Busplans,,Bosplans / Busplans,,,hamlet,node
2613655180,Bussulin,,Borgata Bussolino,,,isolated_dwelling,node
925547879,Busàte,,Busàte,,,locality,node
925547865,Busàtis,,Busàtis,,,locality,node
1451904402,Butee,,Buttea,,,hamlet,node
1037703111,Butinins,,Bottenicco,,,village,node
925547945,Bêç,,Bêç,,,locality,node
925548010,Bûse dal Purcìt,,Bûse dal Purcìt,,,locality,node
6283475041,Bûse di Marcut,,Bûse di Marcut,,,locality,node
1625066660,Cadurlina,,Cadorlina,,,locality,node
783336903,Calla,,Calla,,,village,node
884382693,Campagnole,,Campagnola / Campagnole,,,neighbourhood,node
2272785517,Cancelîrs,,Borgo Cancellier,Kančelirja,,hamlet,node
3661828564,Cao Malnîs,Cao Malnìs,Cao Malnisio,,,hamlet,node
66502726,Caprive,Capriva,Capriva del Friuli,Koprivno,,village,node
1457137196,Carbone,Carbona,Carbona,,,village,node
479221180,Carnize,,Carnizza,Karnica,,village,node
4778492000,Cartone,Cartona,Località Cortona / Localitât Cartone,,,hamlet,node
777152307,Cartone Alte,Cartona Alta,Cortona Alta / Localitât Cartone Alte,,,hamlet,node
4778491999,Cartone Basse,Cartona Bassa,Località Cortona Bassa / Localitât Cortone Basse,,,neighbourhood,node
2961733052,Casere Gignel,,Casera Gignel,,,locality,node
1342595713,Casere Glaçât Bas,,Casera Glazzat Bassa,,,locality,node
2960550273,Casere Goriude Disot,,Casera Goriuda di sotto,,,locality,node
2600126729,Casere Lavardeit,,Casera Lavardet,,,locality,node
2597262455,Casere Liane,,Casera Liana,,,locality,node
506688362,Cassean,,Cassegliano,,,hamlet,node
1062135615,Cassine Rinaldi,,Cascina Rinaldi,,,hamlet,way
2147511395,Cassine Rinaldi,,Cascina Rinaldi,,,hamlet,node
5730950633,Cave di Selz,,Selz,Selce,,suburb,node
782566018,Cedarcjis,Cedarcjes,Cedarchis,,,hamlet,node
863047332,Celant,,Celante di Clauzetto / Celant,,,hamlet,node
863047928,Celant,,Celante di Castelnovo,,,hamlet,node
863043376,Celant,,Celante di Vito d'Asio / Celant,,,hamlet,node
1297033838,Cele,Cela,Cella,,,hamlet,node
1331375273,Cele,Siela,Cella / Siela,,,hamlet,node
1447524366,Celin Disore,,Cellino di Sopra,,,hamlet,node
1447524386,Celin Disot,,Cellino di Sotto,,,hamlet,node
789555361,Cemûr,,Cemur,Čemur,,hamlet,node
850987759,Cente,,Centa,Britof,,hamlet,node
819790129,Centenare,Sentenara,Centenara / Centenare,,,locality,node
3846444582,Centri Sportîf,,Centro Sportivo,,,neighbourhood,node
863037921,Cerdevul,Cerdevol,Cerdevol / Cerdevul,,,hamlet,node
793637320,Cerneglons,,Cerneglons,,,village,node
3997096452,Cerîs,,Cereis,,,isolated_dwelling,node
893477795,Cesariis,,Cesariis,Podbardo,,village,node
395213876,Cesclans,,Cesclans,,,village,node
2590443349,Cesene,Thesena,Cesena,,,village,node
2656716496,Cevraie,Cevraia,Cevraia,,,hamlet,node
2218266392,Cichins,,Cecchini,,,hamlet,node
1027155401,Cicunins,,Ciconicco,,,village,node
1432524747,Cilie,,Borgo Cilia,,,isolated_dwelling,node
835550693,Ciman,,Cimano,,,hamlet,node
66502991,Cimolais,Thimolei,Cimolais,,,village,node
64778753,Cint,,Cinto Caomaggiore,,,village,node
873845124,Cisarûl,,Cesarolo,,,village,node
1799093110,Ciseriis,,Ciseriis,,,village,node
523202095,Cisis,Sisis,Cisis,,,isolated_dwelling,node
420514092,Cividât,,Cividale del Friuli,Čedad,,town,node
1584979990,Ciât,,Ciago / Ciât,,,village,node
13340613643,Cja Bosar,,Ca' Bosero,,,locality,node
13342160639,Cja Colet,,Ca' Coletti,,,isolated_dwelling,node
13342160632,Cja Dant,,Ca' Dante,,,hamlet,node
13342160635,Cja Toful,,Ca' Toffoli,,,isolated_dwelling,node
13340613644,Cja Venier,,Ca' Venier,,,hamlet,node
604393853,Cjabie,,Cabia / Cjabie,,,hamlet,node
528234036,Cjadisore,Cjadisora,Capodisopra,,,village,node
6283474898,Cjadovârs,,Cjadovârs,,,locality,node
1846550366,Cjadramaç,,Cadramazzo,,,isolated_dwelling,node
1137770415,Cjadugnee,,Cadunea,,,village,node
1223678076,Cjaicis,Cjaiças,Chiàicis,,,village,node
4112312118,Cjalcine,,Borgo Calcina / Cjalcine,,,hamlet,node
4332672778,Cjalcôr,,Cjalcôr,,,hamlet,node
783744795,Cjalgjarêt,,Calgaretto,,,hamlet,node
2262750968,Cjaline,Cjalina,Chialina,,,hamlet,node
1504261325,Cjalminis,,Chialminis,Vizont,,hamlet,node
1463874002,Cjamanis,Cjamanes,Borgo Chiamanis / Cjamanes,,,neighbourhood,node
773909449,Cjamin,,Camino,,,village,node
66503191,Cjamin dal Tiliment,Cjamin,Camino al Tagliamento,,,village,node
773909451,Cjaminet,,Caminetto,,,village,node
1849037232,Cjamoi,Cjamuoi,Camolli / Cjamoi,,,village,node
1165439247,Cjamp,,Campo Garzolino,,,hamlet,node
2376796079,Cjamp,,Campo,,,locality,node
915658543,Cjamp Lessi,,Campolessi,,,village,node
892180957,Cjamp Tabôghe,,Taboga / Cjamp Taboghe,,,neighbourhood,node
1531030055,Cjampagne,Cjampagna,Campagna,,,hamlet,node
3846444580,Cjampanîl,,Campanile,,,locality,node
1695341453,Cjamparos,,Camporosso,Žabnice,Saifnitz,village,node
504329423,Cjampei,,Campeglio,,,hamlet,node
2360398132,Cjampei Disore,,Casolare Chiampei di Sopra,,,isolated_dwelling,node
2073159480,Cjampei Disot,,Casolare Chiampei di Sotto,,,isolated_dwelling,node
859055211,Cjampeis,Cjampês,Campeis,,,hamlet,node
5360991970,Cjampeis,,Chiampeis,,,locality,node
66503382,Cjampfuarmit,,Campoformido,,,village,node
6283474908,Cjampiel,,Cjampiel,,,locality,node
6283474379,Cjampiut,,Cjampiut,,,locality,node
962950272,Cjampiûl,,Campiolo,,,hamlet,node
6612897097,Cjampiûl Alt,,Campiolo Alto,,,hamlet,node
2381259551,Cjamplovul,,Campivolo,,,locality,node
6283474939,Cjamplunc,,Cjamplunc,,,locality,node
12992889332,Cjamplunc,,Campolongo,,,hamlet,node
66503084,Cjamplunc,,Campolongo al Torre,,,village,node
524378019,Cjamplungùt,,Campolonghetto,,,village,node
12997351880,Cjampolâr,,Campolaro,,,hamlet,node
3898016457,Cjampon,,Chiampon,,,isolated_dwelling,node
865278037,Cjampon,,Campone,,,hamlet,node
6283474381,Cjampons,,Cjampons,,,locality,node
2619662234,Cjamput Disore,,Casera Chiampiut di sopra,,,locality,node
1694414329,Cjamuel,,Campomolle,,,village,node
786900534,Cjanalut,,Canalutto,Skrila,,hamlet,node
12992889333,Cjanalut,,Canalutto,,,isolated_dwelling,node
3846444583,Cjandalis,,Chiandalis,,,isolated_dwelling,node
1461469234,Cjandelin,,Chiandelin,,,hamlet,node
300849936,Cjaneule,,Canebola,Čenebola,,village,node
6283474905,Cjanfinç,,Cjanfinç,,,locality,node
298240038,Cjanive,,Caneva,,,village,node
66502810,Cjanive di Sacîl,,Caneva,,,village,node
6283474964,Cjantone,,Bosco Chiantone,,,locality,node
1463877033,Cjanudus,,Canodusso,,,hamlet,node
3631168389,Cjanâl Alt,,Case Canale Alto,,,isolated_dwelling,node
3630921079,Cjanâl dal Fier,Cjanâl dal Fiar Disot,Borgo Canal del Ferro / Cjanâl dal Fier,,,hamlet,node
2931645624,Cjanâl dal Fier Disore,Cjanâl dal Fiar Disore,Canal del Ferro di Sopra / Cjanâl dal Fier Disore,,,neighbourhood,node
2931645625,Cjanâl dal Fier Disot,Cjanâl dal Fiar Disore,Canal del Ferro di Sotto / Cjanâl dal Fier Disot,,,neighbourhood,node
1675785,Cjanâl dal Lusinç,,Canale d'Isonzo,,,municipality,relation
1716757170,Cjanâl di Grivò,,Canal di Grivò / Cjanâl di Grivò,,,hamlet,node
1557461160,Cjanêt,Cjaneit,Chianeit / Cjaneit,,,isolated_dwelling,node
1888362872,Cjanêt,,Cjanêt,,,locality,node
824796292,Cjanùs,,Canussio,,,village,node
5046909611,Cjapitul,,Capitolo,,,neighbourhood,node
12662954663,Cjaranda,,Chiaranda,,,locality,node
9444662950,Cjarande,,Chiaranda,,,locality,node
1468395938,Cjarande,,Chiaranda / Cjarande,,,hamlet,node
2473446443,Cjarandin,,Chiarandin,,,isolated_dwelling,node
3293181128,Cjarandis,,Chiarandis,,,locality,node
357333246,Cjararie,Cjararia,Carraria,,,hamlet,node
1019720314,Cjaresà,,Chiarisacco,,,hamlet,node
735043104,Cjargnà,,Cargnacco,,,village,node
66503185,Cjarlins,,Carlino,,,village,node
6291177668,Cjarmacis,,Chiarmacis,,,hamlet,node
524647182,Cjarmacis,,Chiarmacis,,,hamlet,node
735036655,Cjarpenêt,,Carpeneto,,,village,node
796694199,Cjarpât,,Carpacco,,,village,node
6283474940,Cjarseit,,Cjarseit,,,locality,node
6283474374,Cjarvonaris,,Cjarvonaris,,,locality,node
1456166562,Cjarvà,,Carvacco,,,hamlet,node
286323328,Cjas,,Casso,,,hamlet,node
3389127463,Cjasa Bottaz,,Casa Bottaz,,,isolated_dwelling,node
2634052372,Cjasa Col Maiôr,,Casa Col Maggiore,,,locality,node
12546632239,Cjasa Delizia,,Casa Delizia,,,locality,node
2595519952,Cjasa Sonsara,,Casa Sonsara,,,locality,node
1674913359,Cjasai Mont Grape,,Casali Monte Grappa / Cjasâi Mont Grape,,,hamlet,node
3891329230,Cjasai Palût di Diestre,,Casali Paludo Destra,,,isolated_dwelling,node
3891329232,Cjasai Palût di Mieç,,Casali Paludo di Mezzo,,,isolated_dwelling,node
1674913168,Cjasai Simeons,,Casali Simeoni,,,locality,node
3891329235,Cjasai Vile Carli,,Casali Villa Carlo,,,isolated_dwelling,node
66502954,Cjasarse,Cjasarsa,Casarsa della Delizia,,,village,node
12419951565,Cjase Banduts,,Case Banduzzo,,,isolated_dwelling,node
2517567448,Cjase Battistella,,Casa Battistella,,,locality,node
1286098272,Cjase Blancje,Cjasa Blancja,Casa Bianca,,,isolated_dwelling,node
11453667683,Cjase Blancje,,Casa Bianca,,,locality,node
9916760727,Cjase Blancje,,Casabianca,,,hamlet,node
3389134704,Cjase Bodigoi,,Casa Bodigoi,,,isolated_dwelling,node
12863355109,Cjase Bot,,Casa Bot,,,locality,node
12750588806,Cjase Cjadin,Cjasa Cjadin,Casa Cjadin,,,locality,node
12863355108,Cjase Della Bianca,,Casa Della Bianca,,,isolated_dwelling,node
2491269711,Cjase Foladôr,,Casa Follador,,,locality,node
12863355050,Cjase Nadalin,,Casa Nadalin,,,locality,node
6283474960,Cjase Pilon,,Case Pilon,,,locality,node
2627149362,Cjase Poslovet,Cjasa Poslovet,Casa Poslovet,,,locality,node
2627149364,Cjase Siaccie,Cjasa Siaccia,Case Siaccia,,,locality,node
12863355048,Cjase Stefanòn,,Casa Stefanòn,,,locality,node
12863355110,Cjase Tavàn,,Casa Tavàn,,,locality,node
12282484040,Cjase Tosini,,Casa Tosini,,,hamlet,node
2509525001,Cjase Variola,,Casa Variola,,,locality,node
12546632245,Cjaseblancje,Cjasablancja,Casa Bianca,,,isolated_dwelling,node
12471002432,Cjasegnove,,Casanova,,,quarter,node
297519019,Cjasegnove,,Casanova,,,village,node
1288944416,Cjasegnove,Cjasagnova,Casanova,,,hamlet,node
1165439231,Cjaselis,,Caselle,,,hamlet,node
513802757,Cjasemate,Cjasamata,Casamatta,,,hamlet,node
4332672779,Cjaseria Muarta,,Cjaseria Muarta,,,locality,node
962937918,Cjasesole,,Casasola,,,village,node
1440918935,Cjasesole,Cjasasola,Casasola,,,hamlet,node
817874318,Cjasesole,,Casasola,,,hamlet,node
1714872254,Cjasielis,,Chiasiellis,,,village,node
2059800731,Cjasis Bevorcjis,Cjases Bevorcjes,Case Bevorchies,,,hamlet,node
492069659,Cjasis Bressan,,Case Bressan,,,isolated_dwelling,node
3569583193,Cjasis Cormons,,Case Cormons,,,isolated_dwelling,node
2627149363,Cjasis Crovesteit,,Presa,,,locality,node
3630921080,Cjasis Cuarde,,Case Cuarde,,,isolated_dwelling,node
5999709964,Cjasis Fortin,,Case Fortin,,,locality,node
11368233624,Cjasis Italia,,Case Italia,,,hamlet,node
2160171780,Cjasis Manganisse,,Casa Manganizza,,,hamlet,node
534846343,Cjasis Marculin,,Case Marcolin,,,locality,node
3640853135,Cjasis Marculins,,Case Marcolini,,,neighbourhood,node
12582930047,Cjasis Osôf,,Case Osoppo,,,locality,node
1504261305,Cjasis Pittini,,Case Pittini,,,hamlet,node
5775275268,Cjasis Polzin,,Case Polzin,,,isolated_dwelling,node
1799595955,Cjasis Riûi Blancs,,Case Rivoli Bianchi,,,isolated_dwelling,node
1286236520,Cjasis Saralis,,Case Saralis,,,locality,node
3861474875,Cjasis Selva,,Case Selva,,,isolated_dwelling,node
2960924938,Cjasis Sfiligoi,,Case Sfiligoi,,,isolated_dwelling,node
1461469225,Cjasis Simoncel,,Case Simoncello,,,hamlet,node
3246235707,Cjasis Tolazzi,,Case Tolazzi,,,locality,node
11336204159,Cjasis Tossut,,Case Tossut,,,isolated_dwelling,node
2619436303,Cjasis Val,,Case Val,,,locality,node
2492922606,Cjasis Zucchetti,,Case Zucchetti,,,locality,node
1687114133,Cjasis dai Cjandets,,Case Chiandetti,,,locality,node
1674917146,Cjasis dai Tonins,,Case Tonini / Cjasis dai Tonins,,,hamlet,node
7366731021,Cjasis dal Bivio,,Case del Bivio,,,neighbourhood,node
3640863458,Cjasis dal Cjason,,Case del Casone,,,isolated_dwelling,node
492059978,Cjasis dal Eremite,,Case dell'Eremita / Rumitišče,Jeremitišče,,hamlet,node
1722054191,Cjasis dal Puint,,Ponte della Delizia,,,village,node
1436626545,Cjasis de Roie,,Case della Roggia,,,neighbourhood,node
3485146949,Cjasis di Picot,,Case di Picotti,,,locality,node
4261545879,Cjasis di Tûl,,Case di Tul,,,locality,node
863052810,Cjasiât,,Casiacco,,,village,node
1404864793,Cjasotis,,Chiasottis,,,village,node
1451904406,Cjassiis,Cjassies,Chiassis,,,hamlet,node
66503187,Cjassà,,Cassacco,,,village,node
2001271275,Cjastelîr di Varian,,Castelliere di Variano,,,isolated_dwelling,node
4859406252,Cjastenêt,,Ciastenet,,,locality,node
5279679790,Cjastenêt,,Chiasteneto,,,locality,node
498737132,Cjasteons,,Castions,,,village,node
524377407,Cjasteons di Muris,,Castions delle Mura,,,village,node
4570786013,Cjasteons di Strade,,Castions di Strada,,,village,node
1714358682,Cjastiel,,Castello di Aviano,,,village,node
10990129172,Cjastilîr,,Castelliere,,,village,node
1849037237,Cjasut,,Casut / Cjasut,,,village,node
3640619835,Cjasâi Batifier,,Casali Battiferro,,,hamlet,node
3644003226,Cjasâi Bergum,,Casali Bergum,,,isolated_dwelling,node
2064693230,Cjasâi Blanchins,,Casali Bianchini,,,hamlet,node
3640834431,Cjasâi Blasigh,,Casali Blasigh,,,isolated_dwelling,node
3891329236,Cjasâi Bolparis,,Casali Volpares,,,isolated_dwelling,node
3485146951,Cjasâi Bolzenaris,,Casolari Bolzenaris,,,locality,node
8287909998,Cjasâi Botoe,,Casali Battoia,,,isolated_dwelling,node
1288944470,Cjasâi Braide,,Casali Braide,,,hamlet,node
1461469199,Cjasâi Brate,,Casali Bratta,,,hamlet,node
2471940349,Cjasâi Cecut,,Casali Cecut,,,hamlet,node
912111639,Cjasâi Comugne Marcotti,,Casali Comugne Marcotti,,,isolated_dwelling,node
2405137557,Cjasâi Cos,,Casali Cos,,,isolated_dwelling,node
3833483492,Cjasâi Crapiz,,Casali Crapiz,,,hamlet,node
8287955883,Cjasâi Cuei,,Casali Colle,,,hamlet,node
11723893632,Cjasâi Cuel,,Casali Colle,,,isolated_dwelling,node
2339320628,Cjasâi Dose,,Casali Dose,,,isolated_dwelling,node
3891329227,Cjasâi Isule,,Casali Isola,,,isolated_dwelling,node
8446215958,Cjasâi Jacob,,Casali Jacob / Cjasâi Jacob,,,isolated_dwelling,node
938760991,Cjasâi Lini,,Casali Lini,,,hamlet,node
12213573108,Cjasâi Lonçan,,Casali Lonzano,,,isolated_dwelling,node
3389134004,Cjasâi Maden,,Casali Maden,,,isolated_dwelling,node
3917289909,Cjasâi Maion,,Casali Maione,,,isolated_dwelling,node
12213549039,Cjasâi Maline,,Casali Malina,,,isolated_dwelling,node
1436637680,Cjasâi Maniassi Tedeschi,,Casali Maniassi Tedeschi,,,neighbourhood,node
8287909999,Cjasâi Marchet,,Casali Marchetti,,,hamlet,node
7648779761,Cjasâi Mauro,,Casali Mauro,,,isolated_dwelling,node
2339320629,Cjasâi Menot,,Casali Menot,,,isolated_dwelling,node
9078951933,Cjasâi Miani,,Casali Miani,,,isolated_dwelling,node
3891329229,Cjasâi Moreton,,Casali Moretton,,,isolated_dwelling,node
3972167910,Cjasâi Mulin,,Casali Mulino,,,isolated_dwelling,node
3640619836,Cjasâi Mulin di Cainero,,Casali Molino Cainero,,,neighbourhood,node
8712718610,Cjasâi Noans,,Casali Noans,,,locality,node
3020134537,Cjasâi Nonis,,Casali Nonis,,,hamlet,node
1274045839,Cjasâi Oselin,,Casali Osellin,,,hamlet,node
2471833868,Cjasâi Palût,,Cjasâi Palût,,,isolated_dwelling,node
3891329231,Cjasâi Palût di Çampe,,Casali Paludo Sinistra,,,isolated_dwelling,node
1674920833,Cjasâi Pic,,Casali Picco,,,hamlet,node
1136060992,Cjasâi Piluch,,Casolari Piluch,,,isolated_dwelling,node
1573091056,Cjasâi Pitassi,,Casali Pitassi,,,isolated_dwelling,node
1504261286,Cjasâi Pividori,,Casali Pividori,,,hamlet,node
6735162179,Cjasâi Prese,,Casali Presa,,,isolated_dwelling,node
1461469220,Cjasâi Rovere,,Casali Rovere,,,hamlet,node
3808314097,Cjasâi San Vît,,Casali San Vito,,,hamlet,node
2064693229,Cjasâi San Zenon,,Casali San Zenone,,,hamlet,node
2471938866,Cjasâi Segatt,,Casali Segat,,,hamlet,node
9182860892,Cjasâi Selve,,Casali Selva,,,isolated_dwelling,node
3891329237,Cjasâi Sucule,,Casali Zuccola,,,neighbourhood,node
3891329233,Cjasâi Tignude Regjine,,Casali Tenuta Regina,,,isolated_dwelling,node
4112312122,Cjasâi Trabanis,,Casali Trabanis,,,hamlet,node
3891329234,Cjasâi Valdariis,,Casali Valderie,,,isolated_dwelling,node
11940688515,Cjasâi Vene,,Casali Vena,,,hamlet,node
1136060930,Cjasâi Vinadie,,Casolari Vinadia,,,isolated_dwelling,node
2337835714,Cjasâi Volte,,Casali Volta,,,isolated_dwelling,node
1136061136,Cjasâi Zanus,,Casali Zanussi,,,isolated_dwelling,node
9131293187,Cjasâi Zapoga,,Casali Zapoga,,,hamlet,node
1604110799,Cjasâi dal Mol,,Casali del Mol,,,isolated_dwelling,node
7648781618,Cjasâi de Roe,,Casali della Roggia,,,hamlet,node
2161127395,Cjasâi di Biri,,Località Casali Birri,,,isolated_dwelling,node
1461469203,Cjasâi di Franceschinis,,Casali Franceschinis,,,hamlet,node
1116027100,Cjasâi di Vendoi,,Casali di Vendoglio,,,hamlet,node
3895136551,Cjasâi Çorut,,Casali Zorutti,,,isolated_dwelling,node
2376796805,Cjasâl Avaris,,Casolare Avaris,,,locality,node
2376794798,Cjasâl Cjavalaria,,Casolare Cavallaria,,,isolated_dwelling,node
2627149359,Cjasâl Cuel Bareit,,Casolare Colbareit,,,isolated_dwelling,node
2627149360,Cjasâl Cuel Bernaz,,Casolare Colbernac,,,isolated_dwelling,node
3894285282,Cjasâl Davuatri,,Casolare Avoltri,,,isolated_dwelling,node
3997096445,Cjasâl Frata,,Casolare Fratta,,,isolated_dwelling,node
3997107062,Cjasâl Furisine,,Casolare Furisina,,,isolated_dwelling,node
2878176851,Cjasâl Lunas,,Casolare Lunas,,,locality,node
3997096446,Cjasâl Luviais,,Casolare Luviais,,,locality,node
2627149361,Cjasâl Midîl,,Casolare Midil,,,locality,node
912111623,Cjasâl Moreâl,,Casale Moreale,,,locality,node
2471986333,Cjasâl Muez,,Casali Muez,,,hamlet,node
3997096449,Cjasâl Soncleva,,Casolare Soncleva,,,isolated_dwelling,node
3997096450,Cjasâl Staliros,,Casolare Staliros,,,isolated_dwelling,node
3997096451,Cjasâl Val di Crous,,Casolare Val di Crous,,,isolated_dwelling,node
2360398131,Cjasâl Zouf,,Casolare Zouf,,,isolated_dwelling,node
1356581311,Cjasâs,,Casaso / Cjasâs,,,hamlet,node
541958,Cjaudistrie,,Capodistria,Koper,,municipality,relation
6283475001,Cjaulas,,Cjaulas,,,locality,node
1388329762,Cjaulis,Cjaules,Chiaulis,,,hamlet,node
1223678108,Cjaulis,Cjauias,Chiàulis,,,village,node
6283475000,Cjaulutas,,Cjaulutas,,,locality,node
1329738846,Cjaurià,,Caporiacco,,,village,node
64778759,Cjaurlis,,Caorle,,,town,node
1675777,Cjaurêt,,Caporetto,Kobarid,Karfreit,municipality,relation
927267012,Cjavalì,,Cavalicco,,,village,node
5306447932,Cjavalîr,,Chiavalir,,,locality,node
5290479886,Cjavalòt,,Cavallotto,,,locality,node
66503216,Cjavaç,,Cavazzo Carnico,,,village,node
4332672781,Cjaveglat,,Cjaveglat,,,locality,node
477241662,Cjavençan,Cjavensan,Cavenzano,,,hamlet,node
1830498370,Cjavriis,,Chiavris,,,neighbourhood,node
5820482361,Cjavrâr,,Capraio,,,isolated_dwelling,node
3734195680,Cjavujgnis,,Cjavujgnis,,,isolated_dwelling,node
66502996,Cjavàs,,Cavasso Nuovo / Cjavàs,,,village,node
1299576658,Cjaçâs,,Cazzaso / Cjaçâs,,,hamlet,node
1432204562,Cjevulis,Cjevoles,Chievolis / Cjevules,,,hamlet,node
6283474924,Cjiouts Disora,,Cjiouts Disora,,,locality,node
2430748637,Cjiscjel di Tumieç,,Castello di Tolmezzo,,,locality,node
684374097,Cjiscjerne,,Cisterna,,,village,node
2591334159,Cjistelîr,,Castellerio / Cjistilîr,,,village,node
1329738847,Cjistiel,,Castello,,,neighbourhood,node
775792802,Cjistiel di Porpêt,,Castello,,,village,node
1460518423,Cjolos,,Ciolos,,,hamlet,node
66502799,Cjons,,Chions,,,village,node
2148303863,Cjopresut,,Ciopresut,,,isolated_dwelling,node
66503099,Cjopris,,Chiopris,,,village,node
6283474962,Cjouts,,Cjouts,,,locality,node
2556120498,Cjâs Disore,,Malga Chias di sopra alta,,,locality,node
2556120499,Cjâs di Mieç,,Malga Chias di sopra bassa,,,locality,node
1309300893,Cjôt,Cjout,Chiout,,,hamlet,node
1992241334,Cjôt di Gus,,Chiout Goliz,,,isolated_dwelling,node
893938449,Cjôt di Zucuìn,,Chiout Zucuin,,,hamlet,node
1229687876,Cjù Cali,,Chiout Cali,,,village,node
1027232040,Cjù Martin,,Chiout Martin,,,hamlet,node
2581036438,Cjù Michêl,,Chiout Michel,,,isolated_dwelling,node
1992241335,Cjù Pupin,,Chiout Pupin,,,isolated_dwelling,node
1309300941,Cjù di Gus,Cjù di Gusj,Chiout di Gus,,,hamlet,node
893938463,Cjù di Pupe,,Chiout di Pupe,,,hamlet,node
354640206,Clabuçâr,,Clabuzzaro,Brieg,,hamlet,node
850987773,Cladrecis,,Cladrecis,Seucè,,hamlet,node
1716888341,Clap,,Clap,Podrata,,village,node
1455269907,Clap Piçul,,Clap Piccolo,,,locality,node
477343657,Clauian,,Clauiano,,,village,node
66502865,Clausêt,Clausiet,Clauzetto / Clausêt,,,village,node
66502883,Claut,Cjolt,Claut,,,village,node
1297033843,Clavais,Clavaias,Clavais,,,hamlet,node
6319304155,Cleulis,Cleulas,Cleulis / Cleulas,,,hamlet,node
1521623838,Cleulis Centri,Cleulas Centri,Cleulis Centro,,,hamlet,node
3833973886,Cleva Disora,,Cleva di Sopra,,,isolated_dwelling,node
2072787445,Cleva Disot,,Cleva di Sotto,,,isolated_dwelling,node
4332672782,Cloupa,,Cloupa,,,locality,node
779979240,Cludini,,Cludinico / Cludini,,,village,node
2186915346,Cocau,,Coccau,Kokova,Goggau,village,node
703347095,Cocau disore,,Coccau di Sopra,Gornja Kokova,Obergoggau,hamlet,node
1700732151,Cocau disot,,Coccau di Sotto,Dolnja Kokova,Untergoggau,hamlet,node
6283474887,Cocussute,,Cocussute,,,locality,node
859292339,Coder,,Coderno,,,village,node
66503208,Codroip,,Codroipo,,,town,node
376674165,Codromaz,,Codromaz,Kodarmaci,,hamlet,node
2125656204,Codês,,Codesio,,,hamlet,node
2232331669,Colombare,Colombara,Colombara / Colombare,,,isolated_dwelling,node
13433476863,Coloret,,Colloredo,,,locality,node
452419218,Colorêt di Montalban,,Colloredo di Monte Albano,,,village,node
443011116,Colorêt di Prât,,Colloredo di Prato,,,village,node
504329371,Colorêt di Sufumberc,Colorêt,Colloredo di Soffumbergo,,,hamlet,node
8325963549,Colugne,,Cologna / Colugne,,,neighbourhood,node
782012251,Colze,,Colza,,,hamlet,node
66503206,Comelians,,Comeglians,,,village,node
6312578859,Comende,Comenda,Commenda / Comende,,,isolated_dwelling,node
11449481064,Comunâi,,Località Comunali,,,neighbourhood,node
64778766,Concuardie,,Concordia Sagittaria,,,village,node
4875547320,Confin di Mernic,,Valico di Mernico,,,locality,node
1604956437,Congjâl,,Colgallo / Congjal,,,village,node
322751728,Conoglan,,Conoglano,,,hamlet,node
1447524393,Contron,,Contron,,,hamlet,node
6283474377,Convais,,Convais,,,locality,node
6239648674,Coos,,Coos,,,hamlet,node
498463340,Corbulon,,Corbolone,,,hamlet,node
66502868,Cordenons,,Cordenons,,,town,node
66502897,Cordovât,,Cordovado,,,village,node
775792794,Corgnûi,Corgnôi,Corgnolo,,,village,node
66502733,Cormons,,Cormons,Krmin,Kremaun,village,node
1830499307,Cormôr Alt,,Cormôr Alto,,,village,node
1830499306,Cormôr Bas,,Cormôr Basso,,,village,node
1480011621,Cornoçai,Cornossai,Cornazzai,,,hamlet,node
304050646,Corone,Corona,Corona,,,hamlet,node
835715232,Cortâl,,Cortale,,,village,node
2575966890,Corve,,Corva,,,village,node
1995054561,Corve,Corva,Corva,,,hamlet,node
513792550,Cose,Cosa,Cosa,,,village,node
66503394,Cosean,,Coseano,,,village,node
1029655358,Coseanet,,Coseanetto,,,hamlet,node
353878532,Cosize,,Cosizza,Kosca,,hamlet,node
384815234,Cosson,,Cosson,Košoni,,hamlet,node
492031410,Costabona,,Costabona / Koštabon,Koštabon,,hamlet,node
2440282684,Cotel,,Cotel,,,locality,node
2478217272,Craorêt,,Craoretto,,,hamlet,node
384814490,Cras,,Cras,,,hamlet,node
477241660,Cravuì,Crauì,Crauglio,,,village,node
2634124259,Crep,,Creppi,,,isolated_dwelling,node
1110613846,Cret Néri,,Cret Nero,,,locality,node
6283474943,Cret di Clugjar,,Cret di Clugjar,,,locality,node
2878176856,Creta,,Rocca Creta,,,locality,node
1110616122,Crete Stuarte,,Creta Storta,,,locality,node
1594736102,Crocare,Crocara,Crocara,,,isolated_dwelling,node
912111618,Crosade,,Località Crosada / Localitât Crosade,,,hamlet,node
8755893438,Crosade de autostrade di Palme,,Nodo autostradale di Palmanova,,,locality,node
2301688030,Crosara,,Crociera di San Floriano / Crosara,,,hamlet,node
1692059156,Crosaris,,Crosere,,,hamlet,node
353878094,Crostù,,Crostù,Hrastovlje,,village,node
1451230421,Crôs,Crôsj,Croce,,,neighbourhood,node
4859638780,Crôs di Buri,,Cros di Buri,,,locality,node
927267005,Cuals,,Qualso,,,village,node
2291291448,Cuals Gnûf,,Qualso Nuovo,,,locality,node
66503204,Cuar di Rosacis,,Corno di Rosazzo,,,village,node
6283474951,Cuarbui,,Cuarbui,,,locality,node
1752677222,Cuarnap,,Cornappo,Karnahta,,village,node
4332672783,Cuarnissit,,Cuarnissit,,,locality,node
6283474891,Cuastesui,,Cuastesui,,,locality,node
1323358004,Cuc,,Cucco,Kuk,Gugg,hamlet,node
1714807725,Cucane,,Cuccana,,,village,node
1057498282,Cudugnele,,Codugnella,,,hamlet,node
859052132,Cuel,,Colle / Cuel,,,hamlet,node
835975129,Cuel,,Colle,,,village,node
2254635054,Cuel Furmian,,Località Cuel Furmian,,,isolated_dwelling,node
7208736265,Cuel dai Gjàis,,Cuel dai Giais,,,locality,node
6283474912,Cuel dai Muinis,,Cuel dai Muinis,,,locality,node
2752261367,Cuel di Cjamp,,Cuel di Chiamp,,,locality,node
2961733053,Cuel di Malesêt,Cuel di Malesjeit,Cuel di Melescheit,,,locality,node
1465067625,Cuelalt,,Collalto,,,village,node
5309243780,Cuesta Plana,,Costa Plana,,,locality,node
2448604313,Cueste,,Costa,,,neighbourhood,node
1461469237,Cueste,,Costa,,,hamlet,node
871089568,Cueste,Cuesta,Costa / Cueste,,,hamlet,node
1770234335,Cueste,Cuosta,Costa,,,village,node
3299476482,Cueste Cjasarie,,Costa Chiasarie,,,locality,node
2610660165,Cueste Lungje,,Stavoli di Costalunga,,,locality,node
6283475038,Cueste Minôr,,Cueste Minôr,,,locality,node
1536825278,Cueste Mulin,,Costamolino,,,hamlet,node
892525473,Cueste Sachet,,Costa Sacchetto,,,isolated_dwelling,node
6283474910,Cueste di Naraseit,,Costa di Naraseit,,,locality,node
786900532,Cueste di Sofumberc,Cuesta,Costa,Podgrad,,hamlet,node
859055768,Cuestebeorcje,,Costabeorchia,,,hamlet,node
1624444435,Cuestelungje,,Costalunga,Vila,,hamlet,node
1279170929,Cuesteplane,,Costapiana,Raune,,hamlet,node
1504261345,Cuie,,Coia,,,hamlet,node
1504261340,Cuie di Là,,Coia di Là,,,hamlet,node
785732171,Culine,Culino,Collina,,,hamlet,node
785732098,Culine Piçule,Culino Piçulo,Collinetta,,,hamlet,node
66503023,Culture,Cultura,Coltura / Culture,,,village,node
306788567,Culugne,,Colugna,,,village,node
1111948982,Culurumiz,,Collerumiz / Culurumiz,,,village,node
1184183467,Cumierç,,Comerzo,,,hamlet,node
12546632237,Cumunâi,,Comunale / Copece,,,isolated_dwelling,node
3735706838,Cumunâi,,Comunale,,,isolated_dwelling,node
1726662992,Cunturate,,Cuturate,,,locality,node
471951939,Curitis,,Coritis / Korito,Korito,,hamlet,node
1027169232,Curnin,,Cornino,,,village,node
1404864795,Curtiel,,Cortello,,,hamlet,node
6283474963,Curvignas,,Curvignas,,,locality,node
3630800829,Curvilan,,Case Collevillano,,,neighbourhood,node
498737134,Cusan,Cudhan,Cusano,,,village,node
1405904850,Cussignà,,Cussignacco,,,village,node
3846444584,Cuviis,,Cuviis,,,isolated_dwelling,node
3788944346,Cuâdris,,Quadri,,,isolated_dwelling,node
2448611216,Cuâs,,Quas,,,isolated_dwelling,node
6283474378,Daas,,Daas,,,locality,node
66503164,Dael,,Aiello del Friuli,,,village,node
1432204553,Dal Blanc,,Del Bianco,,,hamlet,node
779874501,Daleniis,Dalenies,Allegnidis,,,hamlet,node
815509722,Dales,,Alesso,,,village,node
1465796771,Dalnì,,Alnicco,,,village,node
2467902606,Damarie,,Damaria,,,locality,node
66503311,Damâr,,Amaro,,,village,node
1531030061,Dandul,,Dandolo di Sopra,,,hamlet,node
2159763149,Dandul di Sot,,Dandolo di Sotto,,,isolated_dwelling,node
64778772,Danon,,Annone Veneto,,,village,node
9624222655,Daprât,,Aprato,,,hamlet,node
66502972,Darbe,Darba,Arba / Darbe,,,village,node
835545607,Darcjan Disore,,Arcano Superiore,,,hamlet,node
835537517,Darcjan Disot,,Arcano Inferiore,,,hamlet,node
471640146,Dardâc,,Dardago,,,village,node
2649633993,Daris,,Aris,Darež,,neighbourhood,node
66503319,Darte,,Arta Terme,,,village,node
66503388,Dartigne,,Artegna / Dartigne,,,village,node
66502845,Darzin,,Arzene,,,village,node
513802745,Darzinut,,Arzenutto,,,village,node
1451230422,Dasais,Dasaia,Osais,,,hamlet,node
2441726133,Dassaias,,Case Assais,,,isolated_dwelling,node
7314741807,Daupe,,Borgo Aupa,,,neighbourhood,node
1451904396,Davai,,Avaglio,,,hamlet,node
1297033839,Davaste,Davasta,Ovasta,,,hamlet,node
66502815,Davian,Pleif,Aviano,,,village,node
782566048,Davosâs,Davosjâs,Avosacco,,,hamlet,node
1451230420,Davouse,Davousa,Avausa,,,hamlet,node
66503412,Davâr,,Ovaro,,,village,node
1389833472,Davôtri,Davuatri,Avoltri,,,village,node
1288944388,Daçan,,Azzano,,,hamlet,node
66502967,Daçan di Pordenon,,Azzano Decimo,,,town,node
927267041,Dedeà,,Adegliacco,,,village,node
13135738643,Delbàs,,Dalbasso,,,locality,node
1521623857,Denglâr Disore,,Englaro di Sopra,,,hamlet,node
2560167000,Denglâr Disot,,Englaro di Sotto,,,isolated_dwelling,node
817842315,Dentessan,,Entesano,,,hamlet,node
1411386308,Dentramp,,Entrampo,,,hamlet,node
781924864,Desemon Disore,Desemon Disora,Esemon di Sopra,,,hamlet,node
2440168850,Desemon Disot,,Esemon di Sotto,,,hamlet,node
1322406043,Deveà,,Aveacco,,,hamlet,node
1463877034,Deveà,,Borgo Deveacco,,,hamlet,node
779148569,Dieç,,Illegio / Dieç,,,hamlet,node
66503202,Dignan,,Dignano,,,village,node
1412425519,Dilignidis,Dilignidas,Dilignidis,,,hamlet,node
66503196,Dimpeç,,Ampezzo,,Petsch,village,node
782566077,Dimplan,,Piano d'Arta,,,hamlet,node
1137770360,Dimponç,,Imponzo,,,village,node
3246235718,Dincuan,,Rosa dei Venti,,,isolated_dwelling,node
1437956747,Dinglagne,Dinglagna,Borgata Inglagna / Borc Dinglagna,,,neighbourhood,node
1223678123,Dintissans,Dintissjans,Intissans,,,village,node
829549341,Diplis,,Ipplis,,,village,node
8636507338,Disint,,Disint,,,hamlet,node
485789222,Distrà,,Istrago / Distrà,,,village,node
1290700743,Divilin,,Invillino,,,village,node
1356581537,Diôr,,Dioor,,,isolated_dwelling,node
66502741,Dobardò,,Doberdò del Lago,Doberdob,,village,node
1326925956,Dobie,,Dobbia,,,hamlet,node
2283201900,Dodois,,Dodois,,,isolated_dwelling,node
66503200,Dogne,,Dogna,Dunja,,village,node
513792547,Dograve,Dograva,Aurava,,,village,node
2150310605,Dolaças,,Dolacis,,,locality,node
274528558,Dolegnan,,Dolegnano / Dolegnan,,,village,node
3895136556,Dolegne Disore,Dolegna Disora,Dolegna di Sopra,,,neighbourhood,node
66502748,Dolegne dal Cuei,Dolegna dal Cuei,Dolegna del Collio,Dolenje,,village,node
513375940,Domanins,,Domanins,,,village,node
785731472,Dondrasse,Dondrassa,Andrazza,,,hamlet,node
884675942,Dordole,,Dordolla / Dordole,,,village,node
5309243820,Dos Zouf,,Dosso Zouf,,,locality,node
498737136,Dovolêt,Dovoleit,Ovoledo / Dovolêt,,,village,node
66503174,Drencje,,Drenchia,Dreka,,village,node
1110616688,Drendêsime,,Drendesima,,,locality,node
779161693,Drentus,,Drentus,,,isolated_dwelling,node
4153873654,Dreon,,Dreon,,,hamlet,node
2441728236,Duebis,Dueibas,Dueibis,,,locality,node
353876438,Dughe,,Dughe,Duge,,hamlet,node
276436980,Duin,,Duino,Devin,Thübein,village,node
863034406,Duminisie,,Dominisia / Duminisie,,,hamlet,node
498737131,Durcinins Disore,Dursinins Disora,Orcenico Superiore,,,village,node
498737135,Durcinins Disot,Dursinins Disot,Orcenico Inferiore,,,village,node
965437003,Durgnês,Durgneis,Orgnese / Durgnês,,,village,node
1213716573,Duride,Durida,Durida,,,isolated_dwelling,node
1012099939,Durlasse,,Driolassa,,,village,node
771209173,Dusà,,Usago / Dusà,,,village,node
782194427,Dôtris,,Oltris,,,hamlet,node
66503147,Enemonç,,Enemonzo,,,village,node
66503391,Faedis,,Faedis,Fojda,,village,node
2218266401,Fagnigule,,Fagnigola,,,village,node
1432204566,Faidone,Faidona,Faidona / Faidone,,,hamlet,node
1866310143,Faltron,,Feltrone,,,hamlet,node
66502904,Fane,Fana,Fanna / Fana,,,village,node
3631029752,Farcadicis,,Località Farcadizze,,,isolated_dwelling,node
66502746,Fare,Fara,Farra d'Isonzo,Fara,,village,node
1590365312,Farele,Farela,Farella / Farele,,,isolated_dwelling,node
1027161851,Farle,,Farla,,,village,node
1157638691,Faugnà,Fognà,Faugnacco,,,village,node
11778659448,Favriis,,Borgo Fabbria,,,hamlet,node
552326640,Favuîs,,Fauglis,,,village,node
66503367,Feagne,,Fagagna,,,village,node
6283475002,Fede,,Fede,,,locality,node
1304621699,Felet,,Feletto Umberto,,,suburb,node
526773826,Feletis,,Felettis,,,village,node
2486767351,Felets,,Feletti,,,hamlet,node
1116097173,Feletàn,,Felettano / Feletan,,,village,node
925547965,Felèt,,Felèt,,,locality,node
6283474903,Festâs,,Festâs,,,locality,node
2339277924,Feus,,Feudi,,,locality,node
6283474896,Feuts,,Feuts,,,locality,node
1302666824,Fiaschet,,Fiaschetti,,,village,node
1224615840,Fielis,Fielas,Fielis,,,village,node
1307756234,Filon dai Slâs,,Filone degli Slavi,,,locality,node
1109146365,Firman,Ferman,Firmano,,,village,node
66503363,Flaiban,,Flaibano,,,village,node
1165403722,Flaipan,,Flaipano,,,hamlet,node
1716492442,Flambri,,Flambro,,,village,node
775792799,Flambruç,,Flambruzzo,,,village,node
863043880,Flavuigne,,Flagogna,,,village,node
3788944343,Flour,,Flour,,,isolated_dwelling,node
776027791,Flumignan,,Flumignano,,,village,node
66503140,Flumisel,,Fiumicello,,,village,node
506679121,Foian,,Fogliano,Foljan,,village,node
2491269714,Foladôr,,Località Follador,,,isolated_dwelling,node
6283474932,Fontane,,Fontane,,,locality,node
385579442,Fontanebuine,,Fontanabona,,,hamlet,node
66502821,Fontanefrede,Fontanafredha,Fontanafredda,,,town,node
6283474953,Fontanelas,,Fontanelas,,,locality,node
12269627862,Fontanis,,Località Fontanasso,,,isolated_dwelling,node
66503360,For Davôtri,Lu For,Forni Avoltri,,,village,node
66503358,For Disore,For Disora,Forni di Sopra,,,village,node
1091320722,For Disot,,Forni di Sotto,,,village,node
1070499711,Foran,,Forame,Malina,,village,node
1442104591,Forcele,Forcela,Forcella / Forcele,,,hamlet,node
871084801,Forcje,,Forca,,,hamlet,node
13368053794,Forcje,,,,,locality,node
1870037171,Forgjarie,,Forgaria nel Friuli,,,village,node
1224640231,Formeâs,,Formeaso,,,village,node
357335272,Fornalis,,Fornalis,,,hamlet,node
1440918944,Fornasatis,,Fornasatte,,,hamlet,node
513802764,Fornasins,,Fornasini,,,hamlet,node
12398753024,Fornâs,,Fornaci,,,hamlet,node
6167868350,Fornâs di Mieç,,Fornaci di Mezzo,,,isolated_dwelling,node
3894087879,Fornâs di Torse,,Fornaci di Torsa,,,locality,node
1416518941,Fossa Vecia,,Fossa Vecchia,,,locality,node
8626467960,Fossa Vecia,,Fossa Vecchia,,,hamlet,node
506699662,Fossalon,,Fossalon di Grado,,,hamlet,node
64778803,Fossalte,Fossalta,Fossalta di Portogruaro,,,village,node
8155330297,Fossâi,,Fossai,,,locality,node
4859638781,Fossâl,,Fossal,,,locality,node
1165439216,Fraelà,Freelà,Fraelacco,,,village,node
850987769,Fragjelis,,Fragielis,,,hamlet,node
3891329224,Fraide,,Fraida,,,isolated_dwelling,node
785731389,Frassenêt,Frasseniet,Frassenetto,,,hamlet,node
2262017917,Frate,Frata,Fratta / Frate,,,hamlet,node
304619943,Frate,Frata,Fratta,,,hamlet,node
3344801638,Frate,,Fratta / Frate,,,neighbourhood,node
5749197907,Frate,,Fratta,,,village,node
1502197765,Fratine,,Frattina,,,hamlet,node
66502986,Frisanc,,Frisanco,,,village,node
1781917320,Friûl Vignesie Julie,,Friuli Venezia Giulia,Furlanija - Julijska krajina,Friaul-Julisch Venetien,state,node
824796290,Frofean,,Fraforeano,,,village,node
1975300938,Fruinç,,Fruinz,,,hamlet,node
782009499,Frêsis,Freisas,Fresis,,,hamlet,node
1461469256,Furgnei Disore,,Fornelli di Sopra,,,hamlet,node
925548071,Furmìe,,Furmìe,,,locality,node
925548093,Furìp,,Furìp,,,locality,node
589999673,Fusee,Fusjee,Fusea,,,village,node
1263968124,Fusinis,,Fusine in Valromana,Bela Peč,Weißenfels,village,node
421309638,Gabrie,,Gabria,Gabrje,,village,node
66502736,Gardiscje,Gardiscja,Gradisca d'Isonzo,,,village,node
492041979,Gardiscjute,Gardiscjuta,Gardisciuta,Gradiškuta,,hamlet,node
6283474382,Gee,,Gee,,,locality,node
1438389091,Ghiran,,Ghirano,,,village,node
1613569401,Gjai,,Giai,,,village,node
769200456,Gjai,,Gaio,,,village,node
562923552,Gjais,,Giais,,,village,node
735153270,Gjalarian,,Galleriano,,,village,node
6283474892,Gjalcicon,,Gjalcicon,,,locality,node
835665761,Gjavons,,Giavons,,,village,node
863050250,Gjercje,,Gerchia / Gjercje,,,hamlet,node
1355607550,Gjeri,,Dierico,,,hamlet,node
1288944409,Gjian,,Gagliano,,,hamlet,node
1460518431,Gjiviane,Gjiviano,Givigliana,,Guksberg,hamlet,node
825031712,Glaunic,,Glaunicco,,,village,node
66503155,Glemone,,Gemona del Friuli,Humin,Klemaun,town,node
496801204,Gleris,,Gleris,,,village,node
1718164509,Gnespolêt,,Nespoledo,,,village,node
472608886,Gnive,,Gniva,Njiva,,village,node
1675786,Gnove Gurize,,Nuova Gorizia,Nova Gorica,Neu-Görz,municipality,relation
1461469190,Gobolani,,Località Ca' Bolani,,,hamlet,node
2347943111,Godie,,Casali Godia,,,neighbourhood,node
1423843224,Godie,,Godia,,,village,node
66503234,Gonârs,,Gonars,,,village,node
5277205287,Gorgaç,Gorgath,Gorgazzo / Gorgath,,,hamlet,node
1460518440,Grac,,Grac,,,hamlet,node
12215596735,Gradarie,,Gradaria,,,locality,node
769200457,Gradiscje,Gradiscja,Gradisca,,,village,node
1279045608,Gradiscjute,,Gradischiutta,Radišče,,hamlet,node
1066671367,Gramoan,,Gramogliano,,,hamlet,way
2152530295,Grancuel,,Gran Colle,,,isolated_dwelling,node
5042776658,Grau,,Grado,Gradež,,town,node
453024185,Grau Pinede,,Grado Pineta,,,hamlet,node
1468395954,Grauçarie,,Grauzaria,,,village,node
513802768,Grave,,Grava,,,village,node
11847564203,Gravôts,,Case dei Gravotti,,,isolated_dwelling,node
859300798,Grediscje,,Gradisca,,,village,node
3896603914,Grediç,,Gredic,,,isolated_dwelling,node
2821336644,Grialeç,,Stavoli Grialez,,,locality,node
824997489,Gridiscjute,,Gradiscutta,,,village,node
6283474923,Grignep,,Grignep,,,locality,node
789608410,Grimac,,Grimacco,Garmak,,village,node
1037727666,Grions,,Grions del Torre,,,village,node
859292319,Grions,,Grions,,,village,node
912286179,Gris,Gris,Grizzo,,,village,node
2121782316,Grupignan,,Grupignano,,,hamlet,node
64778789,Gruâr,,Gruaro,,,village,node
552326653,Grîs,,Gris,,,village,node
1307613079,Gumiscjîs,,Gamiscen,,Gamischen,isolated_dwelling,node
393433428,Guricize,,Goricizza,,,village,node
1454198307,Guriz,Gurìs,Gorizzo / Guriz,,,hamlet,node
66502654,Gurize,Guriza,Gorizia,Gorica,Görz,town,node
2324053791,Guspar,,Guspergo,Šenčur,,locality,node
799256971,Gôt,,Godo,,,neighbourhood,node
1617738006,I Badiuts,,Badiuz,,,isolated_dwelling,node
2203786831,I Boscarins,,Boscarini / I Boscarins,,,isolated_dwelling,node
1760659374,I Ciolins,I Thiolins,Ceolini / I Ciolins,,,hamlet,node
1881207725,I Cros,,Borgo Cros,,,locality,node
2348336194,I Cumins,,Casali Comini / I Cumins,,,hamlet,node
846833178,I Gjai,,Galli,,,village,node
12992087034,I Mions,,Mioni,,,hamlet,node
12992087035,I Mistris,,Mistris,,,isolated_dwelling,node
12992087036,I Paians,,Paiani,,,hamlet,node
824104296,I Panigâi,,Panigai / I Panigâi,,,isolated_dwelling,node
1830500787,I Riçs,,Rizzi,,,village,node
773788223,I Roncs,I Rons,Ronchi / I Roncs,,,hamlet,node
814664286,I Saps,,Saps / I Saps,,,village,node
2380255392,I Stâi di Orias,,Stavoli Orias,,,locality,node
12992087037,I Tofui,,Toffoli,,,hamlet,node
1024738260,I Vueis,,Vegli,,,neighbourhood,node
944539467,I prâts,,I prâts,,,locality,node
7124132241,Il Cjavalâr,,Monte Cavallar,,,locality,node
2397344955,Il Cjavrâr,,Cavrer / Il Cjavrâr,,,locality,node
6283474949,Il Crist,,Il Crist,,,locality,node
1907489408,Il Palût,,Paludo,,,hamlet,node
4875519997,Il Pasc,,Il Pasco,,,locality,node
2157630218,In Runcjas,,Stavoli Runchias,,,locality,node
2960924970,Incone,,Ancona,,,isolated_dwelling,node
492044497,Insic,,Giassico,Jasih,Jassich,hamlet,node
5828986835,Invile,Invila,Invilla,,,locality,node
541990,Isule,,Isola,Izola,,municipality,relation
506699658,Isule Murusine,,Isola Morosini,,,hamlet,node
6504158,Isule di Grau,,Isola di Grado,,,island,relation
292800534,Jalmic,,Ialmicco,,,village,node
506722910,Jamian,,Jamiano,Jamlje,,village,node
1412425531,Jevaduce,,Levaduzza,,,hamlet,node
474375889,Jutiç,Jutìs,Iutizzo,,,village,node
1114892401,Jôf,,Borgo Jouf / Jôf,,,hamlet,node
1828283880,La Boatine,,La Boatina,,,isolated_dwelling,node
795241479,La Colombe,,La Colomba,,,hamlet,node
3255954564,La Crôs,,La Croce,,,village,node
5820349564,La Cumine,,La Comina / La Cumine,,,locality,node
2571852609,La Forcje,,La Forchia,,,locality,node
1623947527,La Fornâs,,Località Fornace,,,isolated_dwelling,node
1650357538,La Franze,,La Franca,,,isolated_dwelling,node
501790021,La Frede,La Freda,La Fredda,,,hamlet,node
4860195807,La Lût,,Montelut,,,locality,node
1779019151,La Maine,,La Maina,,Ame Lataise,hamlet,node
726355296,La Nâf,,Nave,,,village,node
1447461328,La Pecede,La Peceda,Località Pezzeda,,,neighbourhood,node
3347542536,La Roncjade,,Roncada / La Roncjade,,,locality,node
303291720,La Salût,,La Salute di Livenza,,,village,node
865277696,La Sghitose Disore,La Sghitosa Disora,Sghittosa di Sopra,,,neighbourhood,node
3833973893,La Sghitose Disot,La Sghitosa Disot,Sghittosa di Sotto,,,isolated_dwelling,node
1528771510,La Subide,,Subida,Subid,,hamlet,node
5330181709,La Têse,,La Tesa,,,locality,node
863044188,La Vile,,Borgo Villa / La Vile,,,hamlet,node
1322402241,Laibà,,Laibacco,,,hamlet,node
1813482008,Laipà,,Laipacco,,,village,node
2381057578,Laipà,,Laipacco,,,hamlet,node
2422472375,Lambrugn,,Lambrugno,,,hamlet,node
6283474968,Las Palas,,Las Palas,,,locality,node
8483363001,Las Planas,,Las Planas,,,locality,node
191110221,Lateis,,Lateis,,Latais,village,node
66503371,Lauc,,Lauco,,,village,node
786900539,Laurins,,Laurini,,,hamlet,node
1057498281,Lauçane,,Lauzzana,,,hamlet,node
525985891,Lauçàc,,Lauzacco,,,village,node
4332672786,Lavadôrs,,Lavadôrs,,,locality,node
552326646,Lavarian,,Lavariano,,,village,node
6283474961,Lavaçârias,,Lavaçârias,,,locality,node
1123580585,Lavie,,Lavia / Lavie,,,hamlet,node
13134896301,Lavie,,Lavia,,,locality,node
1599623772,Lavorêt,,Roveredo in Piano,,,village,node
2058277379,Lavorêt,,Lavoreit,,,isolated_dwelling,node
946073543,Lavorêt,Lavoreit,Roveredo,,,village,node
1685002048,Lavorêt,,Roveredo,,,hamlet,node
2696780626,Lavorêt,,Roveredo,,,isolated_dwelling,node
2996685707,Le Cjaserute,,La Caseruta,,,locality,node
954094396,Lenzon,,Lenzone,,,hamlet,node
6283474897,Lescjas,,Lescjas,,,locality,node
1357823917,Lesis,,Lesis,,,hamlet,node
771209108,Lestans,,Lestans,,,village,node
921903315,Levrons,,Leproso,,,village,node
1446150769,Leçà,,Lazzacco / Leçà,,,village,node
153442498,Liariis,Liaries,Liariis,,,hamlet,node
9916760726,Lignan,,Lignano Sabbiadoro,,,village,node
478543861,Lignan Pinede,Pineda,Lignano Pineta / Lignan Pinede,,,suburb,node
478544079,Lignan Riviere,,Lignano Riviera / Lignan Riviere,,,suburb,node
560413968,Ligugnane,Ligugnana,Ligugnana,,,hamlet,node
873845129,Ligugnane,,Lugugnana,,,village,node
1604956061,Lipà,,Laipacco,,,village,node
2046976173,Lis Faulis,,Le Favole,,,locality,node
9078936181,Lis Lamis,,Le Lame,,,locality,node
4368246851,Lis Rupis,,Rupis,,,locality,node
1599241943,Lis cinc Pontis,,Cinque punte,Rabeljske špice,Raibler Fünfspitz,locality,node
715824331,Liscjace,,Località Lischiazze,Líščaci,,neighbourhood,node
66503368,Listize,,Lestizza,,,village,node
66503460,Liussûl,Liussjûl,Ligosullo,,,village,node
3585348867,Localitâat Vilecjaze,,Località Villacaccia,,,neighbourhood,node
9175026496,Localitât Cjamp,,Località Campo,,,hamlet,node
11622315180,Localitât Cjaseblancje,Localitât Cjasablancja,Località Casabianca,,,hamlet,node
2525269623,Localitât Cjavalîr,,Località Chiavalir,,,isolated_dwelling,node
3845023296,Localitât Podêr,,Località Podere,,,isolated_dwelling,node
3727431308,Localitât Tavarons,,Località Tavarons,,,neighbourhood,node
474375895,Lonche,,Lonca,,,village,node
566720387,Lonzan,,Lonzano,Lože,,hamlet,node
64778223,Lorençâc,,Lorenzago di Cadore,,,village,node
298465338,Lorençâs,,Lorenzaso,,,village,node
2049638334,Los,,Loz,,,hamlet,node
1454198310,Lovarie,,Lovaria,,,village,node
2444894887,Luc,,Luch,,,hamlet,node
1935551494,Luch,,Luch,,,isolated_dwelling,node
892299636,Lucinîs,Luzinìs,Lucinico,Ločnik,,village,node
1460518443,Ludarie,Ludario,Ludaria,,,hamlet,node
354637572,Luic,,Luico,Livek,Libegg,village,node
1596684432,Lumignà,,Lumignacco,,,village,node
2878176854,Lunas disore,,Lunas di sopra,,,locality,node
2301702142,Lunghet,,Lunghet,,,isolated_dwelling,node
1411386327,Lungjas,Lungjas,Lungis,,,hamlet,node
912111619,Lungjis,,Lunghe,,,locality,node
1465019700,Luserià,,Luseriacco / Luserià,,,hamlet,node
66503276,Lusevare,,Lusevera,Bardo,,hamlet,node
1323357960,Lusniz,,Bagni di Lusnizza,Lužnice,Lussnitz,hamlet,node
604394842,Luviee,,Lovea,,,hamlet,node
1297033836,Luvincis,Luvinças,Luincis,,,hamlet,node
1297033841,Luvint,,Luint,,,hamlet,node
1465019695,Luvinà,,Leonacco / Luvinà,,,village,node
6312579107,Lûc Brusât,,Borgo Modena,,,isolated_dwelling,node
8372314180,Lûc di Brùner,,Borgo Brunner,,,hamlet,node
6283474942,Macutans,,Macutans,,,locality,node
1447949915,Madone,,Madonna / Madone,,,village,node
5867649376,Madone,Madona,Casali della Madonna,,,isolated_dwelling,node
1299555437,Madone dal Boscat,,Madonna del Boscat,,,locality,node
863031727,Madone dal Çuc,Madona dal Çuc,Madonna del Zucco / Madone dal Çuc,,,hamlet,node
2121784629,Madone di Mont,,Castelmonte,Stara Gora,,hamlet,node
1877354123,Madone di Strade,Madona di Strada,Madonna di Strada / Madone di Strade,,,locality,node
4771786997,Madriûl,,Madriolo,,,hamlet,node
835539774,Madrîs,,Madrisio,,,village,node
824795751,Madrîs,,Madrisio,,,village,node
66503448,Magnan,,Magnano in Riviera / Magnan,,,village,node
1460518447,Magnanins,,Magnanins,,,hamlet,node
1516992847,Magredis,,Magredis,,,village,node
2512892396,Magrêt,,Borgo Magredo,,,hamlet,node
5282687808,Magrêts,,Magredi,,,locality,node
66503453,Maian,,Majano,,,village,node
299306091,Mainize,Mainiza,Mainizza,Majnice,,hamlet,node
782017240,Maiâs,,Maiaso,,,hamlet,node
1544007040,Malafieste,,Malafesta,,,village,node
66503121,Malborghèt,,Malborghetto,Naborjet,Malborgeth,village,node
1799093111,Malemaserie,,Malemaseria,,,hamlet,node
1439708293,Maleon,,Borgata Maleon,,,neighbourhood,node
3363254199,Malghe Cjavolêt,Malghe Cjavoleit,Malga Chiavoleit,,,locality,node
2595519978,Malghe Fraine,,Malga Fraina,,,locality,node
1342595781,Malghe Glaçât,,Casera Glazzat Alta,,,locality,node
1892835358,Malghe Peceit Disore,,Malga Pezzeit di sopra,,,locality,node
1336587594,Malghe Poçet,,Malga Poccet,,,locality,node
777152335,Malisane,,Malisana,,,village,node
912296978,Malnîs,,Malnisio,,,village,node
6283474950,Malpas,,Malpasso,,,locality,node
2406676661,Malpas,,Casera Malpasso,,,locality,node
859043192,Manaçons,,Manazzons,,,village,node
66502978,Manià,,Maniago,,,town,node
2471057284,Manià Livri,,Maniagolibero,,,suburb,node
995090507,Maniâe,,Maniaglia / Maniae,,,village,node
66503468,Manzan,,Manzano,,,village,node
773909446,Manzignel,,Manzinello,,,village,node
553290669,Maran,,Marano Lagunare,,,village,way
66503469,Maran,,Marano Lagunare,,,village,node
1599251972,Maranghet,,Maranghetto,,,hamlet,node
795241489,Maranut,,Maranutto,,,hamlet,node
783744570,Maranzanis,Maranzanas,Maranzanis,,,hamlet,node
2121784631,Marculin,,Marcolino,Lajšče,,isolated_dwelling,node
506695532,Marcurine,,Marcorina,,,hamlet,node
925547985,Marcìte,,Marcite,,,locality,node
66502681,Marian,,Mariano del Friuli,Marjan,,village,node
3891329228,Marianis,,Marianis,,,isolated_dwelling,node
675621759,Marignane,Marignana,Marignana,,,village,node
1606504984,Marignanis,,Marignane,,,isolated_dwelling,node
506719711,Marine Julie,,Marina Julia / Marine Julie,,,hamlet,node
6439724719,Maronadôr,,Marindador,,,locality,node
11374179956,Marsure Disore,,Marsure di Sopra,,,isolated_dwelling,node
1878865975,Marsure Disot,,Marsure di Sotto,,,hamlet,node
1711504796,Marsuris,Marsure,Marsure,,,village,node
66503461,Martignà,,Martignacco,,,village,node
3833971444,Martin,,Martin,,,isolated_dwelling,node
1502015200,Martinaç,,Martinazzo,,,village,node
2387161852,Marzovalis,Marzovalas,Marzovallis,,,hamlet,node
786900540,Masaruelis,,Masarolis,,,hamlet,node
1029654960,Maseriis,,Maseris,,,village,node
356759500,Masseris,,Masseris,Mašera,,village,node
787959630,Massoleta,,Mazzoletta di Fiumicello,,,isolated_dwelling,way
1596769559,Matan,,Mattan,,,hamlet,node
1504261397,Matiuts,,Mattiuz,,,hamlet,node
64778747,Medune,,Meduna di Livenza,,,village,node
5295732547,Megelons,,Bosco Mezalons,,,locality,node
1464988906,Melesons,,Melesons,,,hamlet,node
376669430,Meline,,Melina,,,hamlet,node
2391847586,Melmosa,,Melmose,,,isolated_dwelling,node
817850456,Mels,,Mels,,,village,node
6283475042,Melèit,,Melèit,,,locality,node
525985889,Menarûl,,Melarolo,,,village,node
783445592,Mene,Mena,Mena,,,village,node
1650359126,Merlane,,Località Merlana,,,hamlet,node
525985886,Merlane,,Merlana,,,village,node
1675826,Merne-Castagnevize,,Merna-Castagnevizza,,,municipality,relation
492051616,Mernic,,Mernicco,Mirnik,,hamlet,node
1714117358,Merêt di Cjapitul,,Mereto di Capitolo,,,village,node
66503236,Merêt di Tombe,,Mereto di Tomba,,,village,node
1584979995,Mesinis,,Borgo Mesinis / Borc Mesinis,,,hamlet,node
471041970,Mezamont,La mont,Mezzomonte,,,village,node
6900027474,Michielis,,Michielli,,,locality,node
871089165,Michêi,,Michei,,,hamlet,node
287058172,Micotis,,Micottis,Sedlišča,,hamlet,node
1831456395,Midiis,Midias,Mediis,,,village,node
482501382,Midiuze,,Medeuzza,,,village,node
66502890,Midun,,Meduno / Midun,,,village,node
783744876,Mieli,,Mieli,,,hamlet,node
1472541145,Mielme,,Mielma,,,hamlet,node
66502687,Migjee,Migjea,Medea,Medeja,,village,node
892502147,Mincigòs,,Mincigos,,,isolated_dwelling,node
2152530297,Mincigôs,,Mincigos,,,locality,node
1297033842,Mion,,Mione,,,hamlet,node
1356581194,Misincinis,Misincines,Misincinis,,,hamlet,node
3867714641,Modean,,Modeano,,,isolated_dwelling,node
2331104026,Modolêt,,Modoletto,,,hamlet,node
1111554500,Modolêts,,Modoles,,,hamlet,node
13037193153,Modolêts,,Mure,,,locality,node
13037193152,Modolêts,,Carbonaia,,,hamlet,node
13037193154,Modolêts,,Passo della Torre,,,locality,node
13087474980,Modot,,Modotto,,,hamlet,node
4332672787,Mol dal Cuarnissit,,Mol dal Cuarnissit,,,locality,node
4332672788,Mol di Crûço,,Mol di Crûço,,,locality,node
4332672889,Mol di Micòs,,Mol di Micòs,,,locality,node
1444385112,Molasse,Molassa,Molassa,,,hamlet,node
3896252739,Molevane Disore,Molevana Disora,Molevana,,,locality,node
834408013,Molevane Disot,Molevana Disot,Molevana / Molevana Disot,,,hamlet,node
3812618174,Molmentêt,,Molmentet / Molmentêt,,,isolated_dwelling,node
1166303600,Mondiprât,,Monteprato,Karnice,,hamlet,node
66502762,Monfalcon,,Monfalcone,Tržič,,town,node
783336967,Monfoscje,,Montefosca,Čàrni Vàrh,,village,node
778694237,Monmaiôr,,Montemaggiore,Brezje,,village,node
1528771506,Mont,,Monte,Monte,,hamlet,node
1165439293,Mont,,Monte,,,hamlet,node
7158296334,Mont Poiane,,Monte Poiana / Mont Poiane,,,locality,node
945912900,Mont Sante di Lussari,,Monte Santo di Lussari,Svete Višarje,Luschariberg,hamlet,node
1508495557,Mont di Prât,,Monte Prat,,,hamlet,node
1753712978,Montavierte,,Monteaperta,Viškorša,,village,node
1465019704,Montegnà,,Montegnacco,,,hamlet,node
66503134,Montenârs,,Montenars,,,village,node
786900538,Montine,Montina,Montina,,,village,node
13356448131,Montisel,,Monticello,,,locality,node
66503019,Montreâl,,Montereale Valcellina,,,village,node
5477552608,Moravissa,,Moravissa,,,neighbourhood,node
1465019705,Morene,,Località Morena / Localitât Morene,,,village,node
969122697,Moret,,Moretto,,,isolated_dwelling,node
1606504962,Morone,Morona,Morona,,,hamlet,node
822258983,Morsan,,Morsano / Morsan,,,isolated_dwelling,node
66502828,Morsan da lis Aucjis,Morsan,Morsano al Tagliamento,,,village,node
775792797,Morsan di Strade,,Morsano di Strada,,,village,node
66503417,Mortean,,Mortegliano,,,village,node
66502754,Morâr,,Moraro,Morar,,village,node
1521623830,Moscjart,,Cima Moscardo,,,hamlet,node
2449128486,Moscjasinis,,Moschiasinis,,,isolated_dwelling,node
66502693,Mosse,Mossa,Mossa,Moš,,village,node
871088570,Mostacins,,Mostacins,,,hamlet,node
912111617,Motis,,Mottis,,,locality,node
1610674903,Mude,,Muda,Múta,Mauth,hamlet,node
66503116,Mueç,,Moggio Udinese,,,village,node
7314741806,Mueç Adalt,,Moggio di Sopra / Mueç Adalt,,,neighbourhood,node
1615516594,Mugle,,Muggia,Milje,Mulgs,town,node
828281063,Muiesse di Ca,,Moggessa di Qua,,,hamlet,node
1617738008,Muiesse di Là,,Moggessa di Là,,,hamlet,node
66503465,Muimans,,Moimacco,,,village,node
1297033837,Muine,Muina,Muina,,,hamlet,node
927266998,Mulignûf,,Molin Nuovo,,,hamlet,node
871085739,Mulime,,Molimes,,,hamlet,node
5327071584,Mulin,,Molino,,,locality,node
2062719709,Mulin,,Molino,,,isolated_dwelling,node
13203466624,Mulin Braidis,,Molino Braidis,,,isolated_dwelling,node
4011513635,Mulin Disore,,Località Molino di Sopra,,,isolated_dwelling,node
3875037630,Mulin Disot,,Località Molino di Sotto,,,isolated_dwelling,node
3735640281,Mulin San Zuan,,Località Molino San Giovanni,,,hamlet,node
2680270195,Mulin Vieri,,Molino Vecchio,Stari mlin,,isolated_dwelling,node
4015957503,Mulin dai Prâts,,Località Molino Prati / Localitât Mulin dai Prâts,,,isolated_dwelling,node
12863354619,Mulin dal Majaroff,,Molino Majaroff,,,isolated_dwelling,node
1531030063,Mulin di Cjampagne,Mulin di Cjampagna,Molino di Campagna,,,hamlet,node
3809750714,Mulin di Dûs,,Molin Nuovo,,,hamlet,node
5230690790,Mulin di Miceu,,Mulino Miceu,,,locality,node
1286232104,Mulin di Punt,,Molin di Ponte,,,locality,node
11682127837,Mulin di Salet,,Molino di Saletto,,,isolated_dwelling,node
2511694933,Mulin di Stalis,,Molini di Stalis,,,locality,node
4015956970,Mulin di Tininin,,Mulino Tininin,,,hamlet,node
1741563435,Mulinis,,Molinis,,,village,node
2471838810,Mulinis Disot,,Molinis di Sotto,,,village,node
846357465,Mulins Disot,,Molini di Sotto,,,hamlet,node
846357515,Mulins di Mieç,,Molini di Mezzo,,,hamlet,node
2619436306,Mulins di Seaçe,,Molini di Seazza,,,locality,node
9019102667,Mulinuç,,Molinuzzo,,,hamlet,node
3017482640,Mulinârs,,Borgo Mulinaris,,,isolated_dwelling,node
1604956483,Munistêt,,Monastetto,,,hamlet,node
1650122703,Munistîr,,Monastero,,,hamlet,node
309910611,Muntisel,,Monticello,,,hamlet,node
969122722,Muris,,Muris,,,hamlet,node
835550697,Muris,Mures,Muris,,,village,node
1469157457,Muris,,Mure,,,hamlet,node
4112312119,Murià,,Muriacco,,,hamlet,node
513055048,Murlis,,Murlis,,,village,node
528234037,Murtisins,,Mortesins,,,hamlet,node
2341756907,Murucis,Murussis,Muruzzis,,,hamlet,node
538880842,Murçalis,Murçalas,Murzalis,,,village,node
66503422,Murùs,,Moruzzo,,,village,node
523339035,Muscli,,Muscoli,,,village,node
474375892,Musclêt,,Muscletto,,,village,node
1589310306,Muson,,Muson,,,isolated_dwelling,node
525166146,Mussons,,Mussons,,,village,node
12282484053,Musìl,,Musil,,,hamlet,node
66503406,Muçane,,Muzzana del Turgnano,,,village,node
9050182806,Muçanele,,Muzzanella,,,locality,node
66503048,Nabresine,,Aurisina,Nabrežina,Nabresina,town,node
783744729,Naiarêt,,Noiaretto,,,hamlet,node
2448347052,Naiarêt,,Nogaredo,,,hamlet,node
1110613996,Naiarêt,Najareit,Najarèit,,,locality,node
459385881,Naiarêt de Tor,,Nogaredo al Torre,,,village,node
4332672891,Nalbin,,Nalbin,,,locality,node
1444347139,Nalchide,Nalcheda,Alcheda / Nalchide,,,hamlet,node
1111874252,Nanarià,,Loneriacco,,,village,node
6283474909,Naraseit,,Naraseit,,,locality,node
6283474913,Naraseit,,Naraseit,,,locality,node
1016864809,Naruedule,,Arrodola Nuova / Naruedule,,,hamlet,node
863043593,Natarù,,Oltrerugo,,,hamlet,node
3299476485,Naunine,,Naunina,,,hamlet,node
6283475003,Navantas,,Costa Navantes,,,locality,node
6283474958,Navantas Disora,,Case Navantes di sopra,,,locality,node
6283474959,Navantas Disot,,Case Navantes di sotto,,,locality,node
1432204574,Navarons,,Navarons,,,hamlet,node
474744206,Navuac,,Novacco,,,hamlet,node
1376468421,Navuacs,,Noax / Navuacs,,,hamlet,node
1694414335,Neariis,Nearies,Noiaris / Nearies,,,village,node
1723358662,Nearêt dal Cuar,,Nogaredo di Corno,,,village,node
760639597,Nearêt di Prât,,Nogaredo di Prato,,,village,node
6283475020,Nefrabuadas,,Nefrabuadas,,,locality,node
1297033849,Negrons,,Agrons,,,hamlet,node
6283474902,Negâr,,Negâr,,,locality,node
6283474930,Nentrambul,,Nentrambul,,,locality,node
66502841,Nert,,Erto,,,village,node
4937429678,Nevee,,Sella Nevea,Na Žlebeh,,hamlet,node
6283474952,Neveragne,,Stavoli Neveragne,,,locality,node
6283475004,Neverturas,,Neverturas,,,locality,node
66503244,Nimis,,Nimis,,,village,node
3345536907,Noacuç,,Novacuzzo,,,isolated_dwelling,node
12282484050,Nogarêt,,Nogaredo,,,hamlet,node
1504261412,Noglarede,,Noglareda,,,hamlet,node
2714796490,Nogruele,,Nongruella,,,hamlet,node
1892835376,Nonte,Nonta,Nonta,,,hamlet,node
1528771507,Novâi,,Novali,Novalje,,hamlet,node
287060304,Nusiunt,,Useunt,,,hamlet,node
4332672892,Nànzila,,Nànzila,,,locality,node
376321118,Oborze,,Oborza,Obuorča,,hamlet,node
1520928550,Oculis,,Oculis,,,hamlet,node
1584980005,Ombrene,Ombrena,Ombrena,,,isolated_dwelling,node
886440649,Ongjarine,,Malga Ungarina / Ongjarine,,,locality,node
732832501,Orgnan,,Orgnano,,,village,node
932044932,Orsarie,,Orsaria,,,village,node
12479189760,Orts,,Orti,,,locality,node
793637313,Orçan,,Orzano,,,village,node
472469389,Oseac,,Oseacco,Osojane,,village,node
892299630,Oslavie,,Oslavia,Oslavje,,village,node
1366641249,Ospedalèt,,Ospedaletto / Ospedalèt,,,village,node
4314951757,Ospedâl,,Ca' Ospitale,,,locality,node
66503242,Osôf,,Osoppo,,,village,node
946073545,Ovedàs,Ovedàsj,Ovedasso,,,village,node
12415670092,P.i.p. Felets,,P.i.p. Feletti,,,neighbourhood,node
783336916,Pacìde,,Paceida,Pačéjda,,hamlet,node
1042890953,Padier,Padiar,Paderno,,,village,node
1288944402,Pagjer,Pagjar,Paderno,,,hamlet,node
3833971447,Pagnac,,Pagnach,,,isolated_dwelling,node
66503435,Pagnà,,Pagnacco,,,village,node
6283474944,Palates,,Palates,,,locality,node
1573047838,Palaçat,,Palazzatto,,,hamlet,node
66503441,Palaçûl,Palassôl,Palazzolo dello Stella,,,village,node
3125723725,Pale Celâr,,Pala Celar,,,locality,node
6283474966,Pale da Rose,,Pale da Rose,,,locality,node
6283474967,Pale dai Catôrs,,Pale dai Catôrs,,,locality,node
6283474941,Palelargje,,Palelargje,,,locality,node
627378180,Palmade,,Palmada,,,locality,node
66503251,Palme,,Palmanova,,,town,node
6283475023,Palons,,Palons,,,locality,node
66503226,Paluce,,Paluzza,,,village,node
863038229,Palugjee,Palugjea,Paludea,,,village,node
6283474931,Palutas,,Palutas,,,locality,node
1461469261,Pampalune,,Pampaluna,,,hamlet,node
443033483,Pantianins,,Pantianicco,,,village,node
2617615887,Panzan,,Panzano,,,neighbourhood,node
925222010,Paparian,,Papariano,,,village,node
773788210,Paparià,,Popereacco / Paparià,,,hamlet,node
1405904853,Paparots,,Paparotti,,,village,node
1343302327,Paradise,,Paradise,,,hamlet,node
1012099937,Paravîs,,Paradiso,,,village,node
490174312,Parteulis,,Perteole,,,village,node
10991856694,Partidôr,,Partidor,,,suburb,node
12484149143,Pas de Maurie,,Passo Mauria,,,hamlet,node
3896370377,Pas di Pramuel,,Passo Pramollo,,Nassfeldpass,locality,node
2646068432,Pasc,,Pasch,,,hamlet,node
13134892197,Pasc,,Pasco,,,locality,node
66502855,Pasian di Pordenon,,Pasiano di Pordenone,,,village,node
66503427,Pasian di Prât,,Pasian di Prato,,,village,node
474375894,Passarian,,Passariano,,,village,node
773788230,Passarian,,Persereano,,,village,node
760651017,Passons,,Passons,,,village,node
1561537429,Patoc,,Patocco,Potok,,hamlet,node
1451230423,Patuscêra,,Patuscera,,,isolated_dwelling,node
66503224,Paulâr,,Paularo,,,village,node
66503220,Paulêt,,Povoletto,,,village,node
4994511276,Paveon,,Paveon,,,isolated_dwelling,node
66503228,Pavie,,Pavia di Udine,,,village,node
6283474955,Pecoi,,Pecoi,,,locality,node
6283474371,Pecoi,,Pecoi,,,locality,node
13001117466,Pecol Disore,,Pecolle di Sopra,,,hamlet,node
1166303596,Pecol Disot,,Pecolle di Sotto,,,hamlet,node
1688911066,Pecêt,Peceit,Pezzeit,,,village,node
2399696917,Pedrose,,Pedrosa,Pedroza,,village,node
1339767769,Penei,,Pinedo,,,village,node
1727670475,Peonis,,Peonis,,,village,node
459386149,Percût,,Percoto,,,village,node
3895140357,Perila,,Perilla,,,isolated_dwelling,node
817850453,Pers,,Pers,,,village,node
863047598,Pert,,Pert,,,hamlet,node
777152345,Perteade,Perteada,Pertegada,,,village,node
1451230424,Pesariis,Pesaria,Pesariis,,,hamlet,node
312886809,Petean,,Peteano,Petovlje,,hamlet,node
965437740,Petruc,,Petrucco / Petruc,,,locality,node
3895140358,Petrus,,Petrus,,,isolated_dwelling,node
892299633,Peume,,Piuma,Pevma,,village,node
423753773,Peç,,Peci,Peč,Pegg,village,node
6283474928,Picji,,Picji,,,locality,node
1433486039,Pidalic,,Case Podcladie,,,isolated_dwelling,node
782566127,Piedim,,Piedim,,,hamlet,node
3788944345,Piel,,Piel,,,isolated_dwelling,node
863033912,Pielunc,,Pielungo / Pielunc,,,village,node
1320767089,Pierabec,,Pierabech / Pierabec,,,locality,node
1555770328,Pieretaiade,Perteade,Pietratagliata,,,hamlet,node
1976768775,Pierie,,Pieria,,,hamlet,node
506692510,Pieris,,Pieris,,,village,node
1463874004,Pignan,,Pignano,,,hamlet,node
1257717043,Pinade,,Pineta,,,hamlet,node
6283474890,Pingjeis,,Pingjeis,,,locality,node
66502926,Pinçan,,Pinzano al Tagliamento / Pinçan,,,village,node
4112312120,Piorâr,,Pegoraro,,,hamlet,node
541989,Piran,,Pirano,Piran,Pirian,municipality,relation
1603731655,Piscjarole,,Pescarola,,,hamlet,node
498732266,Pissancjane,,Pescincanna,,,village,node
1465019706,Pissignan,,Pissignano,,,hamlet,node
6283474954,Pistugn,,Pistugn,,,locality,node
2556120521,Pistugn,,Pistugn,,,locality,node
1432647724,Pitagore,,Borgo Pitagora / Borc Pitagore,,,hamlet,node
1333876652,Piçulcuel,,Piccol Colle,,,isolated_dwelling,node
1300455222,Place Rome,,Piazza Roma,,,square,way
99622046,Place San Jacum,,Piazza Giacomo Matteotti,,,square,way
177947917,Place San Roc,,Piazza San Rocco,,,square,way
1300455223,Place dal Puart,,Piazza del Porto,,,square,way
331525410,Place dal Tei,,Place dal Tei,,,square,node
2381057579,Placis,,Placcis,,,hamlet,node
1333876643,Plagnis,,Plagnis,,,isolated_dwelling,node
6283474384,Plaits,,Plaits,,,locality,node
1311886251,Plan Spadovai,,Plan dei Spadovai,,,isolated_dwelling,node
2571852607,Plan da la Crete,,Gran Circo,,,locality,node
3788944344,Plan da le Musse,,Pian della Mussa,,,isolated_dwelling,node
2939289730,Plan da le Vuere,,Piano della Guerra,,,locality,node
1440918950,Plan da lis Miriis,Plan da li Mirìis,Pian delle Merie,,,hamlet,node
6437940298,Plan da lis Striis,,Pian delle Streghe,,,locality,node
12368552718,Plan dal Cjarbon,,Piano del Carbone,,,locality,node
1556269988,Plan di Ca,,Piani di Qua,,,hamlet,node
1455269910,Plan di Cjase,Plan di Cjasa,Pian di Casa / Plan di Cjasa,,,locality,node
2058277383,Plan di Cocès,,Plan di Coces,,,isolated_dwelling,node
3293181133,Plan di Fontanis,,Plan di Fontanis,,,locality,node
12367970606,Plan di Mont,,Pian di Monte,,,locality,node
2038374499,Planais,,Località Planais,,,hamlet,node
524413847,Plancjaval,,Piancavallo,,,village,node
1337059488,Plans,,Piani,,,hamlet,node
1556269995,Plans Disot,,Piani di Sotto,,,hamlet,node
2826292574,Plans da le Siê,,Pian della Sega,,,isolated_dwelling,node
1556269978,Plans di Là,,Piani di Là,,,hamlet,node
1540327066,Plans di Vâs,,Piani di Vas,,,locality,node
418063788,Plasencis,Plasences,Plasencis,,,village,node
1059307712,Plasse,,Piazza don Antonio De Senibus,,,square,way
204852284,Plasse,,Piazza Perissini,,,square,way
2148303848,Plassute,,Plassute,,,locality,node
1752565210,Platiscjis,,Platischis,Plestišča,,village,node
11895894184,Plaçal Cjavriis,,Piazza Chiavris,,,square,node
2107208274,Plaçaries,,Plazzaris,,,hamlet,node
4332672894,Plaçota,,Plaçota,,,locality,node
9322248233,Plaçute,Plazuta,Piazzutta / Placuta,Placuta,,suburb,node
287068752,Plaìn,,Plaino,,,village,node
1528771508,Plessive,,Plessiva,Plešivo,,hamlet,node
1309300953,Plezighe,,Pleziche,Plečke,,hamlet,node
1675776,Pleç,,Plezzo,Bovec,Flitsch,municipality,relation
1611061265,Pleçut,,Plezzut,Bovček,Flitschl,hamlet,node
395214971,Plover,Pluvêr,Pioverno,,,village,node
3059712078,Plovie,,Piovega,,,neighbourhood,node
1451904410,Plugne,,Plugna,,,neighbourhood,node
2646037543,Plêf,Pleif,Pieve / Plêf,,,village,node
824987234,Plêf,,Pieve di Rosa,,,village,node
64778237,Plêf di Cjadovri,,Pieve di Cadore,,,town,node
8009043474,Pocias di Malins,,Pocias di Malins,,,locality,node
1222307319,Pocis,Poças,Pozzis,,,hamlet,node
376669645,Podclanz,,Podclanz,Podklanac,,isolated_dwelling,node
384818121,Podresche,,Podresca,Podarskije,,hamlet,node
1440918954,Pofavri,,Poffabro,,,hamlet,node
3619689476,Poianis,,Poianis,,,neighbourhood,node
506679114,Polaç,,Polazzo,Polače,,village,node
465233576,Polcenic,Al borc,Polcenigo / Polcenic - Al Borc,,,village,node
2821239253,Poldos,,Borgo di Mezzo,,,isolated_dwelling,node
12398753022,Polesan,,Polesan,,,hamlet,node
357331408,Pont San Quarin,,Ponte San Quirino,Muost,,hamlet,node
4332672896,Ponta da Muela,,Ponta da Muela,,,locality,node
859057509,Pontaibe,,Pontaiba / Poltaibe,,,isolated_dwelling,node
6283474904,Pontarie,,Pontarie,,,locality,node
66503431,Pontêbe,Ponteibe,Pontebba,Tablja,Pontafel,village,node
4332672897,Pontêli,,Pontêli,,,locality,node
66502659,Pordenon,,Pordenone,Pordenon,Pordenone,city,node
66503509,Porpêt,,Porpetto,,,village,node
1911962409,Portoveciu,,Portovecchio,,,village,node
1070499703,Porçûs,,Porzus,Porčinj,,village,node
1717933316,Possec,,Pozzecco,,,village,node
1754614093,Postregne,,Postregna,Podsriednje,,hamlet,node
783744855,Povolâr,,Povolaro,,,hamlet,node
6283474936,Poç,,Poç,,,locality,node
474375888,Poç,,Pozzo,,,village,node
513792549,Poç,Pos,Pozzo,,,village,node
2559931394,Poç,,Pozzo,,,village,node
835537515,Poçalis,Poçales,Pozzalis,,,village,node
886441504,Prabunel,,Borgo Prabunello / Borc Prabunel,,,locality,node
66503262,Pradaman,,Pradamano,,,village,node
1504261439,Pradandons,,Pradandons,,,hamlet,node
13001294587,Pradibosc,,Pradibosco,,,hamlet,node
12997687634,Pradicort,,Pra di Corte,,,isolated_dwelling,node
3997103661,Pradiel,,Pradiel,,,isolated_dwelling,node
893481952,Pradielis,,Pradielis,Ter,,village,node
1545977796,Pradipoç,,Pradipozzo,,,village,node
1528771509,Pradis,,Pradis,Pradež,,hamlet,node
3845023295,Pradis,,Pradis,,,isolated_dwelling,node
779162608,Pradis,,Pradis,,,village,node
864636296,Pradis Dabàs,Prades Dabàs,Pradis di Sotto / Pradis Dabàs,,,village,node
864633073,Pradis Dadalt,Prades Dadalt,Pradis di Sopra / Pradis Dadalt,,,village,node
1309991779,Pradiçûl,Pradissiûl,Località Pradiziolo / Localitât Pradiçûl,,,isolated_dwelling,node
795245159,Pradulins,,Pradulins,,,hamlet,node
64778785,Pramaiôr,,Pramaggiore,,,village,node
66503034,Prate,,Prata di Pordenone,,,village,node
497494908,Praturlon,,Praturlone,,,village,node
1447461331,Predaie,Predaia,Località Predaia,,,isolated_dwelling,node
1451230425,Predumbli,,Pradumbli,,,hamlet,node
2091970421,Prefuart,,Borgo Praforte sul Cjaurlec,,,isolated_dwelling,node
66503517,Premariâs,,Premariacco,,,village,node
66503259,Preon,,Preone,,,village,node
1433110095,Preplans,,Preplans,,,hamlet,node
66503514,Prepot,,Prepotto,Prapotno,,village,node
843279013,Prepotiscjis,,Prepotischis,Muci,,hamlet,node
3846445058,Prese,,Presa,,,isolated_dwelling,node
786900527,Prestint,,Prestento,,,village,node
1461469277,Presêt,,Presedo,,,hamlet,node
66503005,Preusdomini,,Pravisdomini,,,village,node
1161947593,Primulà,,Primulacco,,,village,node
66503505,Prissinins,,Precenicco,,,village,node
412728873,Privan,Prevan,Privano,,,village,node
1694414338,Priôle,Prieule,Priola / Prieule,,,village,node
1739974660,Priûs,Priûsj,Priuso,,,hamlet,node
494797507,Prodolon,,Prodolone,,,village,node
1752554964,Prossenic,,Prossenicco,Prosnid,,village,node
485821245,Provesan,,Provesano,,,village,node
8429274599,Prât,,Prat,,,locality,node
8574975799,Prât Minût,,Pratominuto,,,locality,node
6283475039,Prât da Mate,,Prât da Mate,,,locality,node
2618664617,Prât da le Gjorgje,,Prat della Zorza,,,isolated_dwelling,node
66503127,Prât di Cjargne,Prât,Prato Carnico,,,village,node
66503177,Prât di Resie,,Prato,Rávanca,,village,node
4861541951,Prâts,,Praas,,,locality,node
912111632,Prâts,,Prati,,,locality,node
5279679787,Prâts Luncs,,Prati Lunghi,,,locality,node
4859406253,Prâts di Lonzan,,Prati di Lonzano,,,locality,node
4332672898,Prâts di Lâc,,Prâts di Lâc,,,locality,node
1451230426,Prî,,Prico,,,neighbourhood,node
6283474927,Prîf,,Prîf,,,locality,node
1369675378,Puart,,Porto,,,hamlet,node
1019720282,Puart di Noiâr,,Porto Nogaro,,,village,node
940715044,Puartis,,Portis,,,village,node
66503222,Pucinie,,Pocenia,,,village,node
514638415,Pudigori,,Piedimonte,Podgora,,suburb,node
2492922609,Puiane,Puiana,Poiana,,,hamlet,node
1510289664,Puie,,Puia,,,village,node
498737137,Puincic,Puinthic,Poincicco,,,village,node
5274280165,Puint da la Midune,,Ponte Meduna,,,locality,node
513802760,Puint dal Tiliment,,Ponte Tagliamento,,,locality,node
582584268,Puint su la Viarse,Puint su la Viarsa,Ponte sul Versa,,,locality,node
66503268,Pulfar,,Pulfero,Podbonesec,,village,node
2525727375,Pulize,,Pulize,,,locality,node
2525727386,Pulize di là,,Pulize di là,,,locality,node
3894285283,Punt Gnouf,,Ponte Nuovo,,,isolated_dwelling,node
1342597242,Punt Lavaç,,Ponte Lavaz,,,locality,node
1330847684,Punt da le Slence,,Ponte della Lenza,,,locality,node
1330839044,Punt dal Louf,,Ponte del Louf,,,locality,node
5775276151,Puntisel,,Pontisel,,,locality,node
12013206607,Purcie,,Porcia,,,hamlet,node
66503026,Purcie,,Porcia,,,town,node
10219953261,Pure,,Pura,,,isolated_dwelling,node
357330711,Puriessin,,Purgessimo,Prešnje,,village,node
1673982184,Puscuel,,Poscolle,Zagrad,Hinterschloß,hamlet,node
1223678159,Pusee,Pusjea,Pusea,,,hamlet,node
9019038349,Pusipent,,Pozzodipinto,,,hamlet,node
513802741,Pustuncic,Spudunsic,Postoncicco,,,village,node
1885679570,Puàrt,,Portogruaro,,,town,node
66503219,Puçui,,Pozzuolo del Friuli,,,village,node
1995054563,Pâni,,Pani,,,isolated_dwelling,node
893478713,Pêrs,,Pers,Brieh,,hamlet,node
1451230427,Quatri Vincj,,Quattroventi,,,neighbourhood,node
782018717,Quiniis,Quinias,Quinis,,,hamlet,node
961478058,Rabil,,Cave del Predil,Rabelj,Raibl,village,node
1556269999,Racolane,,Raccolana,Reklanica,,village,node
3297487638,Ramandul,,Ramandolo,,,hamlet,node
6665927204,Ramaçâs,,Ramazzaso,,,isolated_dwelling,node
495951187,Ramussiel,,Ramuscello,,,village,node
1471340612,Ramussiel Vecjo,,Ramuscello Vecchio,,,hamlet,node
1471340614,Ramussielut,,Ramuscellutto,,,hamlet,node
469439642,Ranzan,Randhan,Ranzano / Ranzan,,,village,node
504329345,Rascjà,Roscjà,Raschiacco,,,hamlet,node
4116320585,Raspan,,Raspano,,,village,node
1111956795,Raspan Disore,,Raspano di Sopra,,,hamlet,node
1465069209,Raspan Disot,,Raspano di Sotto,,,hamlet,node
2418766113,Raucic,,Raucicco,,,hamlet,node
6283474373,Rauts,,Rauts,,,locality,node
66503495,Ravasclêt,Monai,Ravascletto,,,village,node
66503494,Raviei,,Raveo,,,village,node
1388329761,Ravinis,Ravines,Ravinis,,,hamlet,node
1385808135,Ravose,,Ravosa,,,village,node
66503183,Reane dal Roiâl,,Reana del Rojale,,,village,node
1605067659,Reanuce,,Reanuzza,,,hamlet,node
1070499696,Reclûs,,Racchiuso,,,village,node
506681691,Redipuie,,Redipuglia,Redipulja,,village,node
1432204581,Redone,Redona,Redona,,,hamlet,node
66503264,Remanzâs,,Remanzacco,,,village,node
1113403941,Remugnan,,Remugnano,,,village,node
8140047193,Rendón,,Rondon,,,hamlet,node
66503274,Resiute,,Resiutta,,,village,node
6283474907,Ressule,,Ressule,,,locality,node
492051611,Restozine,Restozina,Restocina,Raztočno,,hamlet,node
6283474885,Ribe,,Ribe,,,locality,node
927267039,Ribis,,Ribis,,,village,node
653882903,Ridincic,Ridicic,Redenzicco,,,village,node
1594716403,Rigonat,,Rigonatto,,,isolated_dwelling,node
66503271,Rigulât,,Rigolato,,,village,node
2058277384,Rinc,,Rinch / Rinc,,,isolated_dwelling,node
552326662,Risan,,Risano,,,village,node
1521623880,Riu,,Rivo,,,hamlet,node
1027161823,Riul,,Rivoli,,,village,node
1574714666,Riul Frêt,,Riofreddo,Mrzla Voda,Kaltwasser,hamlet,node
1294323940,Riulade,,Riolada di Sotto / Riulade,,,isolated_dwelling,node
3615206299,Riulade di Sore,,Riolada di Sopra / Riulade di Sore,,,isolated_dwelling,node
1606509374,Rivalte,,Rivalta / Rivalte,,,locality,node
1012099938,Rivarote,,Rivarotta,,,village,node
498732268,Rivatis,,Rivatte,,,village,node
2558658861,Riverote,,Rivarotta,,,village,node
474375893,Rividiscje,,Rividischia,,,village,node
66503247,Rivignan,,Rivignano,,,village,node
393433368,Rivis,,Rivis,,,village,node
66503502,Rivis Darcjan,Rives Darcjan,Rive d'Arcano,,,village,node
474375896,Rivolt,,Rivolto,,,village,node
1029655021,Rivote,,Rivotta,,,village,node
927267042,Riçûl,,Rizzolo,,,village,node
912111626,Riûi,,Riuli,,,locality,node
1110617096,Riûi Blancs,,Rivoli Bianchi,,,locality,node
506302447,Robediscjis,,Robedischis,Robidišče,Fenchenberg,village,node
2121770395,Roche Bernarde,,Rocca Bernarda,,,isolated_dwelling,node
1725065771,Rodean dal Alt,,Rodeano Alto,,,village,node
1029654936,Rodean dal Bas,,Rodeano Basso,,,village,node
5279672624,Roie Vecje,,Roia Vecchia,,,locality,node
6241231601,Roman,,Romano / Roman,,,village,node
1432204559,Romanits,,Borgo Romaniz / Borc Romanits,,,isolated_dwelling,node
824951235,Romans,,Romans,,,village,node
66502699,Romans dal Lusinç,,Romans d'Isonzo,Romanž na Soči,,village,node
6283474935,Ronc,,Ronc,,,locality,node
4885153168,Ronc di Rosacis,,Ronch di Rosazzo,,,locality,node
6283474900,Roncjas,,Stavolo Ronchis,,,locality,node
6283474899,Roncjecuâr,,Roncjecuâr,,,locality,node
526773829,Roncjetis,,Ronchiettis,,,village,node
786900529,Roncjis,Roncjes,Ronchis,,,village,node
1495146615,Roncjis,,Ronchis,,,hamlet,node
66503281,Roncjis,,Ronchis,,,village,node
66502708,Roncjis di Monfalcon,,Ronchi dei Legionari,Ronke pri Tržiču,,town,node
2232336946,Roncs,,Ronchi,,,isolated_dwelling,node
6283474893,Roncuts,,Roncuts,,,locality,node
3727431309,Ropa,,la Ropa,,,neighbourhood,node
1652249427,Rorai Grant,,Rorai Grande / Rorai Grant,,,suburb,node
2646016919,Rorai Piçul,,Rorai Piccolo / Rorai Piçul,,,suburb,node
494797505,Rose,Rosa,Rosa,,,village,node
11778659447,Rose Vecje,,Rosa Vecchia,,,isolated_dwelling,node
12546632244,Rossit / Cumunâi di Mieç,,Rossit/Comunale di Mezzo - Rossit/Cumunâi di Mieç,,,isolated_dwelling,node
513376030,Rossêt,Rosseit,Rauscedo,,,village,node
7401710689,Rotonde dal Tai,,Rotonda del Taglio,,,neighbourhood,node
13135738638,Rovarêt / Rovaredo,,Rovaredo,,,locality,node
782565923,Rualp,,Rivalpo / Rualp,,,hamlet,node
582979358,Rubie,,Rubbia,Rubije,,hamlet,node
66503498,Rude,Ruda,Ruda,,,village,node
3293181134,Rufosc,,Rufosc,,,locality,node
12606825176,Runcis,,Runcis,,,hamlet,node
783744578,Runcje,Runcja,Runchia,,,hamlet,node
2558277668,Runcje,,Runchia,,,isolated_dwelling,node
965437270,Runcjis,,Runcis / Runcjis,,,hamlet,node
423753771,Rupe,,Rupa,Rupa,,village,node
5279679789,Rupe,,Ruppa,,,locality,node
1463809019,Rusclêt,,Ruscletto,,,hamlet,node
2960887128,Russiz Disore,Russiz Disora,Russiz di Sopra,Zgornji Rušič,,isolated_dwelling,node
506658152,Russiz Disot,,Russiz di Sotto,Dolenji Rušič,,hamlet,node
3344801637,Russolêt,,Russoledo / Russolêt,,,neighbourhood,node
1622682905,Rute Disore,,Rutte Grande,Velike Rute,Groß Greuth,hamlet,node
1612398787,Rute Disot,,Rutte piccolo,Male Rute,Klein Greuth,hamlet,node
492046140,Rutârs,Rotârs,Ruttars,Rutarji,,hamlet,node
5105103055,Ruvignans,,Rubignacco,,,hamlet,node
66503181,Ruvigne,,Ragogna,,,village,node
1224557142,Ruviâs,,Riviasio,,,hamlet,node
6283474957,Ruvîs,,Ruvîs,,,locality,node
871089068,Rês,,Rez,,,hamlet,node
1764497368,Rù,,Rio,,,village,node
10816861777,Sabionere,,Sabbionera,,,hamlet,node
490174314,Sacilet,Sassîl,Saciletto,,,village,node
1596672295,Sacudiel,,Saccudello,,,village,node
66502917,Sacîl,,Sacile,,,town,node
66502674,Sagansiàn,,San Canzian d'Isonzo,Škocjan ob Soči,,village,node
376671091,Salamant,,Salamant,Salamanti,,hamlet,node
1299559222,Salariis,Salaries,Cazzaso Nuova / Salaries,,,hamlet,node
1465051639,Sale,,Borgo Sala / Borc Sale,,,hamlet,node
962929655,Salet,,Saletto,,,hamlet,node
1556270003,Salet,,Saletto,Salet,,hamlet,node
524659460,Salet,,Saletto,,,village,node
1257713580,Salets,,Saletti,,,hamlet,node
1641691041,Salets,,Località Saleti,Salet,,hamlet,node
10098179250,Salin,,Castoia,,,hamlet,node
1388329767,Salin,,Salino,,,hamlet,node
3893391300,Salise,,Salise,,,neighbourhood,node
3687818059,Salmastri,,Case Salmastro,,,isolated_dwelling,node
1037727663,Salt,Sât,Salt,,,village,node
1572818259,Salt,,Salt,,,hamlet,node
13037193151,Salvine,,Salvina,,,locality,node
198240817,Salârs,,Salars,,,hamlet,node
1504261461,Samardencje,,Sammardenchia,,,hamlet,node
735043103,Samardencje,,Sammardenchia,,,village,node
2996685712,Samedons,,Sotmedons,,,locality,node
1584980035,Samont,,Sottomonte / Samont,,,village,node
2125707128,Samonç,,Borgo Sottomonte,,,hamlet,node
3727401837,Sampuont,,Sampuont,,,neighbourhood,node
66503486,San Denêl,,San Daniele del Friuli,,,town,node
4142317663,San Domeni,,San Domenico,,,quarter,node
662571977,San Durì,,San Odorico al Tagliamento,,,village,node
1482487560,San Filip,,San Filippo,,,hamlet,node
1596769562,San Florean,San Frean,San Floriano,,,hamlet,node
494788833,San Florean,,San Floriano,,,village,node
1329719682,San Florean,,San Floreano,,,hamlet,node
66502768,San Florean dal Cuei,,San Floriano del Collio,Števerjan,,village,node
863052984,San Francesc,,San Francesco / San Francesc,,,village,node
1599252024,San Gaetan,,San Gaetano,,,hamlet,node
9027889281,San Gaetan,,San Gaetano,,,hamlet,node
1463874014,San Jacum,La Vile,San Giacomo,,,hamlet,node
10733689722,San Lenart,,San Leonardo,,,isolated_dwelling,node
912312678,San Lenart,Salinart,San Leonardo Valcellina / Salinart,,,village,node
66503531,San Lenart,,San Leonardo,Podutana,,village,node
452449468,San Leopold,,San Leopoldo Laglesie,Lipalja vas,Leopoldskirchen,hamlet,node
1456166566,San Liseu,,Sant'Eliseo,,,hamlet,node
925222013,San Lurinç,Salorens,San Lorenzo,,,village,node
710449819,San Lurinç,Salurins,San Lorenzo,,,village,node
912616935,San Lurinç,,San Lorenzo,,,village,node
418063182,San Marc,,San Marco,,,village,node
5243375429,San Marc,,San Marco,,,locality,node
8512157170,San Martin,,Colle di S.Martino,,,locality,node
1888266152,San Martin,,San Martino,,,hamlet,node
7569246685,San Martin,,San Martino,,,village,node
474375891,San Martin,,San Martino,,,village,node
421309632,San Martin dal Cjars,,San Martino del Carso,Martinščina,,village,node
66503009,San Martin dal Tiliment,,San Martino al Tagliamento,,,village,node
835975112,San Martin di Cjampagne,San Martin,San Martino di Campagna / San Martin di Cjampagne,,,village,node
835545645,San Maur,,San Mauro,,,hamlet,node
1879085117,San Maur,,San Mauro,,,hamlet,node
10152488186,San Maurut,,San Mauretto,,,hamlet,node
421309635,San Michêl,,San Michele del Carso,Vrh,,village,node
64778763,San Micjêl,,San Michele al Tagliamento,,,village,node
274270632,San Nicolò,,San Nicolò / San Nicolau,,,hamlet,node
524659466,San Pauli,,San Paolo,,,village,node
474375890,San Pieri,,San Pietro,,,village,node
1463874015,San Pieri,Il Borc,San Pietro,,,hamlet,node
66503487,San Pieri dai Sclavons,,San Pietro al Natisone,Špeter,,village,node
66502781,San Pieri dal Tiritori,,San Pier d'Isonzo,Špeter ob Soči,,village,node
357346626,San Pieri di Cjaçà,,San Pietro di Chiazzacco,Tieje,,hamlet,node
64778133,San Pieri in Cjadovri,,San Pietro di Cadore,,,village,node
492044495,San Quarin,,San Quirino,Krminska gora,,hamlet,node
66503012,San Quarin,,San Quirino / San Quarin,,,village,node
2491231130,San Roc,,Case San Rocco,,,locality,node
4028970089,San Roc,,San Rocco / San Roc,,,hamlet,node
817871844,San Salvadôr,,San Salvatore,,,hamlet,node
622447263,San Scjefin,,Santo Stefano Udinese,,,village,node
1224557140,San Scjefin,,Santo Stefano,,,hamlet,node
64778228,San Scjefin in Cjadovri,,Santo Stefano di Cadore,,,village,node
1465067629,San Stiefin,,Santo Stefano,,,hamlet,node
64778778,San Stin,,San Stino di Livenza,,,town,node
1813473801,San Svualt,,Sant'Osvaldo / San Svualt,,,hamlet,node
1184183466,San Tomâs,,San Tomaso,,,hamlet,node
9442747863,San Vincent Pascalon,,San Vincenzo,,,locality,node
2422472383,San Vît,,San Vito,,,isolated_dwelling,node
66503015,San Vît dal Tiliment,,San Vito al Tagliamento,,,town,node
66503253,San Vît de Tor,,San Vito al Torre,,,village,node
66503323,San Vît di Feagne,,San Vito di Fagagna,,,village,node
1481411958,San Zorç al Tiliment,,San Giorgio al Tagliamento,,,village,node
66502909,San Zorç da la Richinvelde,San 'Sors,San Giorgio della Richinvelda,,,village,node
66503483,San Zorç di Noiâr,,San Giorgio di Nogaro,,,village,node
715824328,San Zorç di Resie,,San Giorgio,Bilä,,village,node
1584980019,San Zuan,,San Giovanni / San Zuan,,,hamlet,node
469382103,San Zuan,San Dhan,San Giovanni / San Zuan - San Dhan,,,suburb,node
494788799,San Zuan,,San Giovanni di Casarsa,,,village,node
66503491,San Zuan dal Nadison,,San Giovanni al Natisone,,,village,node
6485408133,San Zuan di Cuel,,San Giovanni in Colle,,,village,node
1510292450,San Zuan di Livence,,San Giovanni di Livenza,,,village,node
1188747755,Sanguarç,Sanguars,Sanguarzo,Šenčur,,village,node
564715117,Sant Andree,,Sant'Andrea,,,island,node
2598480154,Sant Andrât,,Sant'Andrea,Štandrež,St. Andrä,suburb,node
776027809,Sant Andrât,,Sant'Andrat del Cormor,,,village,node
1700738741,Sant Andrât dal Judri,,Sant'Andràt del Judrio,,,village,node
1830502246,Sant Bernart,,San Bernardo,,,village,node
5303272131,Sant Domeni,,San Domenico,,,isolated_dwelling,node
2996685709,Sant Florian,,San Floriano / San Florian,,,locality,node
312723603,Sant Foche,San Foca,San Foca / San Foche,,,village,node
525842007,Sant Gjal,,San Gallo,,,hamlet,node
4130300403,Sant Gotart,,San Gottardo / San Gotart,,,quarter,node
2125656207,Sant Jacum,,San Giacomo / Sant Jacum,,,hamlet,node
12282484038,Sant Jacum,,San Giacomo,,,hamlet,node
508391708,Sant Laurinç,,San Lorenzo,,,locality,node
921902925,Sant Lurinç,San Lurinç,San Lorenzo,,,village,node
66502785,Sant Lurinç dal Lusinç,San Lurinz,San Lorenzo Isontino,Šlovrenc,,village,node
508391704,Sant Marc,,San Marco,,,village,node
3838829608,Sant Martin,,San Martino,,,locality,node
11840554932,Sant Maur,,San Mauro,Šmaver,,suburb,node
921903035,Sant Nicolò,San Nicolò,San Nicolò,,,village,node
2473287724,Sant Pelai,,San Pelagio,,,hamlet,node
1027169294,Sant Roc,Santaroc,San Rocco,,,village,node
2232331819,Sant Sili,,San Zili,,,isolated_dwelling,node
9078966329,Sant Tomâs,,San Tommaso,,,hamlet,node
1813482009,Sant Ulderì,,Sant'Ulderico,,,hamlet,node
1987352487,Sant Zorç,,San Giorgio,,,neighbourhood,node
8326081677,Sant Zorç,,Plan di Ploçiut,,,hamlet,node
2218266417,Sant'Andree,,Sant'Andrea,,,hamlet,node
1315551747,Sant'Antoni,,Sant'Antonio,,,isolated_dwelling,node
534846317,Sante Alene,,Sant'Elena,,,isolated_dwelling,node
1323357915,Sante Catarine,,Santa Caterina,Šenkatrija,Sankt Kathrein,hamlet,node
2591324808,Sante Catarine,,Santa Caterina,,,hamlet,node
1787068728,Sante Eline,,Sant'Elena,,,neighbourhood,node
2165322469,Sante Foscje,,Santa Fosca,,,hamlet,node
469426615,Sante Luzie,Santa Luthia,Santa Lucia,,,suburb,node
759816463,Sante Margarite,,Santa Margherita del Gruagno,,,village,node
13172905517,Sante Marie,,Santa Maria,,,locality,node
1189854160,Sante Marie Madalene,,Santa Maria Maddalena,,,isolated_dwelling,node
735037990,Sante Marie di Sclaunic,,Santa Maria di Sclaunicco,,,village,node
66503256,Sante Marie la Lungje,,Santa Maria la Longa,,,village,node
824997518,Sante Marize,Sante Marisse,Santa Marizza,,,village,node
1279045612,Sante Nastasie,,Sant'Anastasia / Sante Nastasie,,,hamlet,node
1469157458,Sante Sabine,,Santa Sabina,,,village,node
833094837,Sanvidot,,San Vidotto,,,village,node
64778154,Sapade,,Sappada,,Sappada - Plodn,village,node
4958135989,Sapàde,,Sapade,,Pladen,locality,node
1302666819,Saronis,,Sarone,,,village,node
1112020928,Sarsêt,,Ceresetto,,,village,node
777152340,Sarvâs,,San Gervasio,,,village,node
513802766,Sassonie,,Sassonia / Sassonie,,,village,node
66503180,Sauris Disore,,Sauris di Sopra,,Plozn,village,node
60147390,Sauris Disot,,Sauris di Sotto,,,village,node
8859239367,Savalantin,,San Valentino,,,hamlet,node
857379749,Savalons,,Savalons,,,village,node
66503327,Savogne,,Savogna,Sovodnja,,village,node
66502713,Savogne di Gurize,,Savogna d'Isonzo,Sovodnje ob Soči,,village,node
3891438236,Savonelis,Savoneles,Aonedis,,,hamlet,node
796694196,Savonelis di Ca,Savoneles di Ca,Aonedis di Qua,,,locality,node
1463868903,Savonelis di Là,Savoneles di Là,Aonedis di Là,,,locality,node
494797501,Savorgnan,,Savorgnano,,,village,node
2392802602,Savorgnanut,,Savorgnanutto / Savorgnanut,,,isolated_dwelling,node
4859611083,Scjalon,,Schialon,,,locality,node
775079867,Scjasis,,Case,,,village,node
2160071798,Scjasis Disore,,Case di Sopra,,,hamlet,node
2160071796,Scjasis Disot,,Case di Sotto,,,hamlet,node
1849037267,Scjavoi,,Schiavoi,,,village,node
418064398,Sclaunic,,Sclaunicco,,,village,node
66503210,Sclûse,,Chiusaforte,Kluže,,village,node
528234035,Scodovacje,Scodovacja,Scodovacca,,,village,node
12992889331,Scrassigne,,Borgo Cracigna,,,hamlet,node
492051607,Scriù,,Scriò,Škrljevo,,hamlet,node
3232744329,Scrič,,Stavoli Scriç,,,locality,node
789555358,Scrut,,Scrutto,Skrutovo,,hamlet,node
6283474933,Scuasse,,Scuasse,,,locality,node
312826556,Sdraussine,,Poggio Terza Armata - Sdraussina,Zdravščine,,hamlet,node
2163369218,Sdriche Disore,,Sdricca di Sopra,,,isolated_dwelling,node
2163369164,Sdriche Disot,,Sdricca di Sotto / Sdriche Disot,,,isolated_dwelling,node
1224640096,Sece,,Sezza,,,village,node
66502948,Secuals,,Sequals / Secuals,,,village,node
66503332,Sedean,,Sedegliano,,,village,node
1504261471,Sedilis,Sidilis,Sedilis,,,hamlet,node
6959827312,Sedran,,Sedrano / Sedran,,,village,node
1465067637,Segnà,,Segnacco,,,village,node
66502775,Segrât,,Sagrado,Zagraj,,village,node
775792796,Sele,,Sella,,,village,node
1110617325,Selve Plane,,Selva Piana,,,locality,node
2034678301,Selvemonde,,Selvamonda,,,hamlet,node
927267058,Seorgnan,,Savorgnano del Torre,,,village,node
441576083,Seuze,,Seuza,Seucè,,village,node
508816064,Sevean,,Sevegliano,,,village,node
3017482649,Sgarbàn,,Sgarban,,,isolated_dwelling,node
2059800739,Siai,Sjiai,Siaio,,,village,node
3043191884,Siele Chiançutan,Siela Chiançutan,Sella Chianzutan,,,isolated_dwelling,node
66502939,Siest,,Sesto al Reghena,,,village,node
10720861062,Sietim,,Settimo,,,hamlet,node
785731512,Sighiet,,Sigilletto,,,hamlet,node
773909436,Silvucis,,Selvuzzis,,,village,node
873845100,Sindacâl,,Sindacale,,,village,node
3198907778,Sintiel,,Cintello,,,village,node
775792798,Sivian,,Sivigliano,,,village,node
1448901428,Sià,,Siacco,,,hamlet,node
66503231,Soclêf,Socleif,Socchieve / Socleif,,,village,node
2125686522,Socret Disore,,Borgo Cretto di sopra / Socret Disore,,,isolated_dwelling,node
3151224056,Socret Disot,,Borgo Cretto di sotto / Socret Disot,,,isolated_dwelling,node
1482487506,Solacet,,Solazzetto,,,hamlet,node
921902980,Solescjan,,Soleschiano,,,hamlet,node
1171854086,Solimberc,,Solimbergo / Solimberc,,,village,node
2634052375,Somp Cuers,,Cima Corso,,,hamlet,node
1726902778,Somp Curnin,,Sompcornino,,,village,node
5836332718,Somp Çuc,,Somp Cuc,,,locality,node
783445656,Somplât,,Somplago / Somplât,,,village,node
6283474938,Sore da Strade,,Sore da Strade,,,locality,node
2012273250,Sorepalût,,Soprapaludo,,,isolated_dwelling,node
1451230428,Sostâs,,Sostasio,,,hamlet,node
3246235720,Sot Dincuan,,Sotto Dinquan,,,locality,node
3997096443,Sot Maleon,,Borgata Sottomaleon,,,neighbourhood,node
5312618858,Sot Maleon,,Sotto Maleon,,,locality,node
2444863248,Sotarie,,Sottaria,,,hamlet,node
1330935445,Sotcretis,,Sotto Crete,,,locality,node
863048384,Sotforcje,Sotforcja,Sottoforca,,,hamlet,node
2125667035,Sotmont,,Sottomonte / Somont,,,hamlet,node
4859076412,Sotnavarêt,,Sotnavaret,,,locality,node
1165439290,Sotrive,,Sottoriva,,,hamlet,node
476899337,Sotselve,,Sottoselva,,,village,node
6283475022,Sovrais,,Sovrais,,,locality,node
4130376569,Spadecente,,Spadacenta,,,hamlet,node
2488467261,Spagnut,,Spagnut,Podšpanjud,,hamlet,node
1000065489,Specognis,,Specognis,Špehuonja,,hamlet,node
1288944483,Spesse Alte,,Spessa Alta,,,hamlet,node
1288944447,Spesse Basse,,Spessa Bassa,,,hamlet,node
66503059,Spilimberc,,Spilimbergo,,,town,node
8828211863,Stala Cjarsuela,,Stalla Chiarsuela,,,locality,node
8543459245,Stale Cuâs,,Stalla Quas,,,locality,node
11432734059,Stale Dal Blanc,,Stalla Del Bianco,,,locality,node
8543441894,Stale Faulin,,Stalla Faulin,,,locality,node
9486162188,Stale Gubit,,Stalla Gubit,,,locality,node
11432734057,Stale Melos,,Stalla Melossi,,,locality,node
11432734058,Stale Moret,,Stalla Moret,,,locality,node
9486162187,Stale Zordan,,Stalla Giordani,,,locality,node
240107546,Stali,,Plöcken,,,locality,node
3411089081,Stali Cjanêt,,Stavoli Chianet,,,locality,node
6283474945,Stali Cuel,,Stavoli Cuel,,,locality,node
2835284337,Stali Jôf,,Stavoli Jof,,,locality,node
2597262466,Stali Starpêt,,Stavoli Starpeet,,,locality,node
9476597399,Stali Zualt,,Stavoli Zualt,,,locality,node
2597262467,Stali dal Predi,Stali dal Preidi,Stavoli dal Predi,,,locality,node
1110613894,Stali de Sante,,Stavoli de Sante / Stali de Sante,,,locality,node
2405397574,Stali di Cjamp,,Stavoli di Cjamp,,,locality,node
2878176863,Stali di Mont,,Stavoli di Mont,,,locality,node
1460518456,Stalis,Stalos,Stalis,,,hamlet,node
1472080115,Stalis,,Stalis,,,hamlet,node
2627149413,Stalla Spinespes,,Stala Spinespes,,,locality,node
66502719,Staranzan,,Staranzano,Štarancan,,village,node
12997632255,Starnaçâs,,Darnazzacco,,,hamlet,node
1469157459,Stazion,,Stazione,,,hamlet,node
940715048,Stazion di Cjargne,Cjargne/Plans,Carnia / Stazion di Cjargne,,,village,node
1799093105,Stele,,Stella / Stele,,,hamlet,node
791617026,Stermize,,Stermizza,Starmica,,village,node
1333892489,Sterp,,Sterpo,,,hamlet,node
1337602410,Stinsans,,Villaggio Stinsans,,,neighbourhood,node
824997510,Stracis,Strassis,Strassis,,,village,node
9322248234,Stracis,,Straccis,Stražice,,suburb,node
1694414347,Strassolt,,Strassoldo,,,village,node
3834131217,Stravignan,,Stravignan,,,isolated_dwelling,node
1594736081,Strazonare,Strazonara,Strazonara,,,isolated_dwelling,node
2121782317,Stregne,,Stregna,Sriednje,,isolated_dwelling,node
66503336,Stregne,,Stregna,Sriednje,,village,node
1716761199,Stremiz,,Stremiz,Garmovščica,,village,node
1571710290,Strete di Fleòns,,Stretta di Fleons,,,locality,node
1323357907,Studene Alte,,Frazione Studena Alta / Studene Alte,,,hamlet,node
1323357933,Studene Basse,,Studena Bassa,,,hamlet,node
471857013,Stulvize,,Stolvizza,Solbica,,village,node
3020172170,Sturme,,Sturma,,,hamlet,node
2525727384,Stâi Belepeit,,Stavoli Belepeit,,,locality,node
1307613311,Stâi Buriç,,Stavoli Buric,,,locality,node
2961733057,Stâi Cjavries,,Stavoli Chiavries,,,locality,node
2149218966,Stâi Corone,,Stavoli Corona,,,locality,node
2525727381,Stâi Disore,,Stavoli di sopra,,,locality,node
11105562031,Stâi Gran Cueste,,Stavolo Gran Costa,,,locality,node
1716190162,Stâi Ledranie di Curnin,,Stavoli Ledrania di Cornino,,,locality,node
9452912214,Stâi Longjere,,Stavoli Longera,,,locality,node
2444913034,Stâi Lunas,,Stavolo Lunas,,,locality,node
3655715310,Stâi Pale di Mieç,,Stavoli Pale di Miez,,,locality,node
2597262465,Stâi Posalalp,,Stavoli Posalalp,,,locality,node
11669261170,Stâi Poz Grant,,Stavoli Poz Grand,,,locality,node
1336581708,Stâi Poçet,,Stavoli Poccet,,,locality,node
2525727378,Stâi Rauni,,Stavoli Rauni,,,locality,node
1726662995,Stâi Secout,,Stavoli Sacout,,,locality,node
1716190196,Stâi Sorecengle,,Stavoli Sopracengla,,,locality,node
1726663004,Stâi Sterpeit,,Stavolo Sterpeit,,,locality,node
9439527287,Stâi Suart,,Stavoli Suart,,,locality,node
2405397567,Stâi Trions,,Stavoli Trions,,,locality,node
3710139187,Stâi Valdisore,,Stavoli Val di Sopra,,,locality,node
3487578720,Stâi Valdisot,,Stavoli Val di Sotto,,,locality,node
2449596972,Stâi Vals,,Stavoli Vals,,,locality,node
2405397571,Stâi Vieres,,Stavoli Vieres,,,locality,node
2525727363,Stâi Zeresarie,,Stavoli Ceresarie,,,locality,node
3485146958,Stâi da le Congregazion,,Stavoli della Congregazione,,,locality,node
1299554274,Stâi dai Plans,,Stavoli Plans,,,locality,node
6519040408,Stâi di Borc,,Stavolo Borghi,,,locality,node
2581036443,Stâi di Chîca,,Stavolo Chica,,,locality,node
1591122799,Stâi di Mueç,,Stavoli / Stâi di Mueç,,,hamlet,node
2525727369,Stâi di Patok,,Stavoli Patok,,,locality,node
8483363199,Stâi di Pecolas,,Stavoli Pecolas,,,locality,node
8483363203,Stâi di Vargelas,,Stavolo Vargelas,,,locality,node
6473133917,Stâi di Vurgnee,,Stavoli di Vurgnee,,,locality,node
2619436309,Stâli Baus,,Stavolo Baus,,,locality,node
2878176866,Stâli Feleteit,,Stavolo Feleteit,,,locality,node
3265701613,Stâli Fondarîs,,Stavolo Fondariis,,,locality,node
2306948215,Stâli Pales,,Stavoli Pallis,,,isolated_dwelling,node
2634052393,Stâli Pantianuta,,Stavolo Pantianuta,,,locality,node
9450403818,Stâli Pecol,,Stavolo Pecol,,,locality,node
2634052394,Stâli Pelois,,Stavolo Pelois,,,locality,node
2619436310,Stâli Perarie,,Stavolo Peraries,,,locality,node
2634052396,Stâli Plousias,,Stavolo Plousias,,,locality,node
1110616506,Stâli Pontel (Craue),,Stavolo Pontel,,,locality,node
2609454999,Stâli Scjampon,,Stavolo Schiampon,,,locality,node
1110617817,Stâli di Bugu,,Stavoli Bugu,,,locality,node
3407145755,Stâli di Meni,,Stavolo del Meni,,,locality,node
12992938384,Stâli di Nispis,,Stavolo di Nispis,,,locality,node
4332672900,Subît,,Subît,,,locality,node
1739511688,Subît,,Subit,Subid,,hamlet,node
66503476,Sudri,,Sutrio / Sudri,,,village,node
1480043365,Sumaghe,Sumaga,Summaga,,,village,node
818258047,Sunviele,,Silvella,,,village,node
1165403755,Sunvile,,Borgo Capovilla / Sunvile,,,hamlet,node
1572818260,Surnins disore,,Sornico Superiore,,,hamlet,node
835548656,Susans,,Susans,,,village,node
1463339808,Sussulins,,Suzzolins,,,village,node
3833973894,Svualdin,,Sgualdin,,,locality,node
494788802,Sîl,,Villa Sile,,,neighbourhood,node
12546632238,Tabine,,Tabina,,,isolated_dwelling,node
8111334149,Tai,,Taglio,,,hamlet,node
66503472,Taipane,,Taipana,Tipana,,village,node
1487612833,Taiêt,,Taiedo,,,village,node
2646061823,Talmasson,Tamasson,Talmasson / Tamasson,,,hamlet,node
66503341,Talmassons,,Talmassons,,,village,node
1432204588,Tamarat,,Tamarat,,,neighbourhood,node
6283475021,Tamartons,,Tamartons,,,locality,node
2610660144,Tamaruç,,Tamaruç,,,locality,node
468216285,Tamau,,Timau,,Tischelwang,village,node
4112312121,Tampognà,,Borgo Tampognacco,,,hamlet,node
893480234,Tanataviele,,Musi,Mužac,,village,node
66503480,Tapoian,,Tapogliano,,,village,node
540366838,Tarcete,,Tarcetta,Tarčeta,,hamlet,node
3619689479,Tarcimont,,Tercimonte,,,isolated_dwelling,node
66503344,Tarcint,,Tarcento,Čenta,,town,node
2375017204,Tarnep,,Interneppo,,,village,node
4332672901,Taronc,,Taronc,,,locality,node
782013606,Tartinis,,Tartinis,,,hamlet,node
66503478,Tarvis,,Tarvisio,Trbiž,Tarvis,town,node
485812219,Taurian,,Tauriano,,,village,node
1468416937,Taussie,,Tausia / Taussie,,,hamlet,node
66503239,Tavagnà,,Tavagnacco,,,village,node
2422472388,Taviele,,Tavella,,,hamlet,node
64778865,Tei,,Teglio Veneto,,,village,node
735039743,Terençan,,Terenzano,,,village,node
6283474383,Tese,,Tese,,,locality,node
835975117,Tesis,,Tesis,,,village,node
66503557,Teôr,,Teor,,,village,node
1546994220,Tierç,,Terzo,,,village,node
66503348,Tierç,Tiars,Terzo di Aquileia,,,village,node
4509508571,Tierç Bacin,Tiars Bacin,Terzo Bacino,,,hamlet,node
2315738138,Tieç,,Tiezzo,,,village,node
66503374,Tisane,Tisana,Latisana,,,town,node
833301068,Tisanote,Tisanota,Latisanotta,,,village,node
306549223,Tissan,,Tissano,,,village,node
625582696,Titian,,Titiano,,,hamlet,node
1343017082,Toan,,Togliano,,,village,node
1027161849,Tombe,,Tomba,,,village,node
735745234,Tombe,,Tomba,,,village,node
817873025,Tonçolan,,Tonzolano,,,hamlet,node
834446179,Top,,Toppo / Top,,,village,node
2577261169,Topiç,,Topic,,,isolated_dwelling,node
444528465,Topolò,,Topolò,Topolove,,village,node
1913842996,Tor,,Torre / Tor,,,suburb,node
66503560,Tor di Zuin,il Tor,Torviscosa,,,village,node
1157638687,Torean,,Torreano,,,village,node
66503283,Torean,,Torreano,Tavorjana,,village,node
2726019918,Torlan,,Torlano,,,hamlet,node
3812618596,Torlan Disore,,Torlano di sopra / Torlan Disore,,,isolated_dwelling,node
775792803,Torse,,Torsa,,,village,node
66503065,Tramonç Disore,Vildisora,Tramonti di Sopra,,,village,node
66503072,Tramonç Disot,Vildisot,Tramonti di Sotto / Tramonç Disot - Vildisot,,,village,node
1437956753,Tramonç di Mieç,Vildimieç,Tramonti di Mezzo / Tamonç di Mieç - Vildimieç,,,hamlet,node
4332672902,Tramâe,,Tramâe,,,locality,node
66503563,Trasaghis,Trasagas,Trasaghis,,,village,node
1451904421,Trave,,Trava,,,hamlet,node
66502933,Travês,,Travesio,,,village,node
1312361893,Tredul,Tredol,Borgo Tredolo,,,hamlet,node
9079028689,Tregorc,,Oltregorgo,,,locality,node
1388329752,Treli,,Trelli / Treli,,,hamlet,node
66503536,Trep Grant,,Treppo Grande,,,village,node
1465019707,Trep Piçul,,Treppo Piccolo,,,hamlet,node
66503566,Trep di Cjargne,,Treppo Carnico,,,village,node
66503287,Tresesin,,Tricesimo,,,village,node
1437956758,Tridis,,Tridis,,,hamlet,node
179292,Triest,,Trieste,Tržaška,Triest,county,relation
66502648,Triest,,Trieste,Trst,Triest,city,node
365979561,Trinc,,Trinco,Trinko,,hamlet,node
1278315057,Triscjamps,,Trischiamps / Triscjamps,,,isolated_dwelling,node
6283474956,Triui,,Triui,,,locality,node
66503294,Trivignan,,Trivignano Udinese,,,village,node
1463877035,Trivià,,Tiveriacco,,,hamlet,node
1412425551,Truie,Truia,Truia,,,neighbourhood,node
566720381,Trus,,Trussio,,,isolated_dwelling,node
198366403,Tualis,Tualias,Tualis,,,hamlet,node
1414767408,Tujec',,Stavoli Tugliezzo,,,locality,node
1675778,Tulmin,,Tolmino,,,municipality,relation
66503352,Tumieç,,Tolmezzo,Tolmeč,,town,node
4332672903,Turchin,,Turchin,,,locality,node
66502794,Turiac,,Turriaco,Turjak,,village,node
912648824,Turide,,Turrida,,,village,node
9019059311,Turisele,Turisela,Località Torricella / Turisela,,,hamlet,node
786900530,Tàmuris,,Tàmoris,,,hamlet,node
10127802449,Tôf,,Toof,,,locality,node
815509724,Ucee,,Uccea,Učja,,hamlet,node
66502664,Udin,,Udine,Videm,Udine,city,node
1695341473,Ugovize,,Ugovizza,Ukve,Uggowitz,village,node
476343577,Ulturis,,Alture,,,village,node
2668952,Union Europeane,,Unione Europea,Evropska Unija,Europäische Union,supranational_union,relation
1447949916,Urbignà,,Urbignacco,,,village,node
2145313862,Ursinins Grant,,Ursinins Grande,,,hamlet,node
1465067638,Ursinins Piçul,,Ursinins Piccolo,,,hamlet,node
1165484412,Utàn,,Uttano,,,hamlet,node
769200455,Vacîl,Vassîl,Vacile,,,village,node
66503042,Vaiont,,Vajont,,,village,node
782565802,Val,,Valle,,,hamlet,node
1278315028,Val,,Val di Lauco,,,hamlet,node
2646014207,Val,,Valle,,,neighbourhood,node
5272514368,Val,,Valle,,,locality,node
1996708462,Val di Mignecis,,Stavoli Mignezza,,,locality,node
927266993,Val di Roiâl,,Valle,,,village,node
504329299,Val di Sofumberc,Val,Valle di Soffumbergo,Podcirkuo,,hamlet,node
855680405,Valarian,,Valeriano / Valarian,,,village,node
2627432154,Valavan Disore,,Borgo Vallavan di Sopra,,,isolated_dwelling,node
2627432159,Valavan Disot,,Borgo Vallavan di Sotto,,,isolated_dwelling,node
1695341479,Valbrune-Cjavalai,,Valbruna,Ovčja vas,Wolfsbach,village,node
1440918960,Valdastali,,Valdestali / Valdastali,,,hamlet,node
1440918963,Valdifrine,Valdifrina,Valdifrina / Valdifrine,,,hamlet,node
3636712074,Valdimontane,,Vallemontana,,,hamlet,node
6222748445,Valisele,Valisela,Vallisella,,,locality,node
34162574,Valnunciel,Valnunsiel,Vallenoncello / Valnunciel,,,village,node
1460518459,Valpicêt,Valpiciot,Valpicetto,,,hamlet,node
735069443,Varian,,Variano,,,village,node
3727433828,Varmost,,Varmost,,,locality,node
1475418640,Varsiole,Varsuole,Versiola,,,village,node
815509721,Vasinis,Vasinas,Avasinis,,,village,node
6283474901,Vaupis,,Vaupis,,,locality,node
893479225,Vedronze,,Vedronza,Njivica,,village,node
4332672904,Velestane,,Velestane,,,locality,node
5272514373,Vencjars,,Venchiars,,,locality,node
2125656211,Vencjarêt,,Venchiaredo,,,hamlet,node
492046130,Vencò,,Vencò,Jenkovo,,isolated_dwelling,node
287255219,Vendoi,,Vendoglio,,,village,node
1604956485,Vendâs,,Vendasio / Vendâs,,,hamlet,node
2511695103,Vençon,,Venzone,,,hamlet,node
66503306,Vençon,,Venzone,Pušja vas,Peuscheldorf,village,node
927266976,Vergnà,,Vergnacco,,,village,node
514666691,Vermean,,Vermegliano,Romjan,,village,node
2207319256,Vernàs,,Vernasso,Barnàs,,hamlet,node
494788805,Versute,Versuta,Versutta / Versuta,,,village,node
66503170,Verzegnis,Verzegnas,Verzegnis / Verzegnas,,,village,node
506667056,Viarse,Viarsa,Versa,Vrša,,hamlet,node
796694198,Vidulis,,Vidulis,,,village,node
871088111,Vidunce,Vidunça,Vidunza / Vidunce,,,hamlet,node
962937917,Vidâi,,Vidali / Vidâi,,,isolated_dwelling,node
12997369772,Vidâi di Scluse,,Vidali di Chiusaforte,,,isolated_dwelling,node
1461469285,Vidâl,,Vidal,,,hamlet,node
893481783,Vigant,,Borgo Vigant,,,hamlet,node
863038043,Vigne,Vigna,Vigna,,,hamlet,node
2043503671,Vilabrune,,Villabruna,,,isolated_dwelling,node
2218266424,Vilacricule,,Villacriccola,,,isolated_dwelling,node
469439646,Viladolt,,Villadolt / Viladolt,,,village,node
1016864812,Vilagjo Rome,,Villaggio Roma,,,hamlet,node
1027155394,Vilalte,,Villalta,,,village,node
2018110614,Vilaverde,,Villaverde,,,hamlet,node
66503300,Vildivar,,Varmo,,,village,node
1995054565,Vile,Vila,Vila,,,hamlet,node
12953463301,Vile,,Villa,,,neighbourhood,node
1504261478,Vile,,Villa,,,hamlet,node
1223678060,Vile,Vila,Villa,,,village,node
1329719678,Vile,,Avilla,,,hamlet,node
749251932,Vile Primevere,,Villa Primavera,,,village,node
1286098277,Vile Raspe,Vila Raspa,Villaraspa,,,hamlet,node
513053051,Vile Sgrafe,Vila Sgrafa,Villa d'Arco / Vile Sgrafe,,,village,node
66503548,Vile Visintine,La Vila,Villa Vicentina,,,village,node
66503541,Vile di Cjargne,Vile,Villa Santina,,,village,node
66502887,Vile di Flum,,Fiume Veneto,,,town,node
1764497367,Vile di Fûr,,Villafuori / Vile di Fûr,,,hamlet,node
1388329765,Vile di Mieç,,Villamezzo / Vile di Mieç,,,hamlet,node
786900525,Vile di Reant,,Reànt,,,hamlet,node
749032763,Vilecjaze,Vilecjasse,Villacaccia,,,village,node
1504261497,Vilefrede,,Villafredda,,,hamlet,node
2646066510,Vilegnove,Vilanuova,Villanova,,,hamlet,node
287058176,Vilegnove,,Villanova delle Grotte,Zavarh,,village,node
796694195,Vilegnove,,Villanova di San Daniele,,,village,node
5290615681,Vilegnove,Vilanuova,Villanova,,,quarter,node
299727776,Vilegnove,Vilagnova,Villanova di Farra,,,hamlet,node
1700732158,Vilegnove,,Villanova,,,hamlet,node
1544007042,Vilegnove da la Cartere,,Villanova della Cartera,,,village,node
292695754,Vilegnove dal Judri,,Villanova del Judrio,,,village,node
1438389094,Vilegnove di Prate,,Villanova di Prata,,,village,node
2218266431,Vilericolt,,Villaraccolta,,,isolated_dwelling,node
309904491,Vilevuarbe,,Villaorba,,,hamlet,node
1484968152,Vilevuarbe,,Villaorba,,,village,node
1019720328,Vilignove,,Villanova,,,village,node
5149477896,Vilote,Vilota,Villotta,,,village,node
504634141,Vilote,Vilota,Villotta,,,village,node
5472865636,Vilote di Visinâl,,Villotta di Visinale,,,village,node
1463874016,Viluce,,Villuzza,,,hamlet,node
2535219450,Vilute,,Villutta,,,hamlet,node
6788936401,Vilès,,Villesse,Vileš,,village,node
779874597,Vinai,,Vinaio,,,hamlet,node
12953574851,Vincjarêt,Vincjareit,Venchieredo / Vincjareit,,,neighbourhood,node
1472080119,Vincjarêt,Vincjareit,Venchiaredo / Vincjareit,,,hamlet,node
461666872,Vinûf,Vinouf,Vigonovo / Vinûf,,,village,node
1531030072,Viole,Viola,Viola,,,hamlet,node
779162106,Virgulins,,Virgulins,,,isolated_dwelling,node
66503552,Visc,,Visco,,,village,node
1704186046,Viscon,,Viscone,,,village,node
747157842,Visepente,,Basagliapenta,,,village,node
1283887307,Visinâl,,Vicinale,,,village,node
2349526375,Visinâl,Visnâl,Visinale del Judrio / Visinâl dal Judri,,,hamlet,node
2561828555,Visinâl,,Visinale,,,village,node
12992087038,Visinâl,,Visinale,,,hamlet,node
5829402622,Visinâl di Sore,,Visinale di Sopra / Visinâl di Sore,,,hamlet,node
5829402623,Visinâl di Sot,,Visinale di Sotto / Visinâl di Sot,,,hamlet,node
2218266445,Visinâl disore,,Visinale di Sopra,,,hamlet,node
6283474911,Visinâs,,Visinâs,,,locality,node
1481406584,Visopuli,,Alvisopoli,,,village,node
735091401,Vissandon,,Vissandone,,,village,node
1472541146,Vissignan,,Vissignano,,,hamlet,node
1333876423,Vissoc,,Visocco / Vissoc,,,isolated_dwelling,node
5393844240,Viui,,Viui,,,hamlet,node
66503039,Vivâr,,Vivaro,,,village,node
1469157460,Viâi,,Viali / Viâi,,,hamlet,node
1412425560,Viâs,,Viaso / Viâs,,,hamlet,node
66503077,Voleson,,Valvasone,,,village,node
782197310,Voltois,Valtoias,Voltois,,,hamlet,node
1489340676,Voncedis,Voncedas,Borgo Oncedis,,,hamlet,node
6283474889,Vore,,Vore,,,locality,node
412727473,Vuanis,Uanis,Joannis,,,village,node
775079736,Vuelis,,Oleis,,,village,node
1440147054,Vuerc,,Virco,,,village,node
1460518468,Vuezis,Vuezos,Vuezzis,,,hamlet,node
1799093101,Vulpins,,Volpins,,,hamlet,node
1312361877,Vîc,,Borgo Vico,,,hamlet,node
1331375144,Vîc,,Vico,,,hamlet,node
2049638335,Vît,,Vit,,,hamlet,node
66502802,Vît,,Vito d'Asio / Vît,,,village,node
4141047305,Zambons,,Borgo Zamboni,,,locality,node
11895894182,Zardin Grant,,Piazza I Maggio,,,square,node
3389117098,Zdençno,,Sdencina,,,isolated_dwelling,node
997591368,Zeanut,,Zeglianutto,,,village,node
492042728,Zegla,,Zegla,Ceglo,,hamlet,node
2059883634,Zenodis,Zenodes,Zenodis,,,village,node
793637305,Zerà,,Ziracco,,,village,node
3895136552,Zerò,,Località Cerò / Localitât Zerò,,,isolated_dwelling,node
1465051640,Zeà,,Zegliacco,,,hamlet,node
846833179,Ziline,,Zellina,,,village,node
3895136553,Zimis di Dolegna,,Cime di Dolegna,,,locality,node
1504261509,Zomeais,,Zomeais,,,hamlet,node
12419951486,Zone Artigjanâl di Banduts,,Zona Artigianale Banduzzo,,,neighbourhood,node
12415669951,Zone Artigjanâl di Cordovât,,Zona Artigianale Cordovado,,,neighbourhood,node
12419949299,Zone Artigjanâl di Vilote,,Zona artigianale Villotta,,,neighbourhood,node
12419951650,Zone Industriâl di Marignane,,Zona Industriale Marignana,,,neighbourhood,node
11456281570,Zone industriâl di Dael,,Zona Industriale di Aiello del Friuli,,,locality,node
552326659,Zone industriâl di Palme,,Zona industriale di Palmanova,,,locality,node
6283475040,Zouf,,Zouf,,,locality,node
6283474375,Zoval,,Zoval,,,locality,node
66503521,Zui,,Zuglio,,,village,node
6283474380,Zumiei,,Zumiei,,,locality,node
1224666033,Zuviel,,Zovello / Zuviel,,,village,node
859058954,i Mizzars,,Borgo Mizzari / I Mizzars,,,hamlet,node
1556269971,i Planats,,Pianatti,,,isolated_dwelling,node
1577349091,i Plans di Luze,ju Plans di Luzo,Piani di Luzza / Ju Plans di Luzo,,,isolated_dwelling,node
1481411838,i Poçs,i Pos,Pozzi,,,hamlet,node
1556270007,i Strets,,Stretti,,,hamlet,node
1701221653,i Stâi di sore,,Povici di sopra,,,hamlet,node
1701221662,i Stâi di sot,,Povici di sotto,,,village,node
1556270015,i Tamarots,,Tamaroz,,,hamlet,node
1337071247,i Tamarots,,Tamaroz,,,locality,node
3896370371,il Bombâs,,Bombas,,Bombasch,isolated_dwelling,node
1907489404,il Gorc,,Gorgo,,,village,node
5477563004,il bûsin,,Busin,,,neighbourhood,node
1286232102,l'Atoc,,Natoc,,,locality,node
1449086672,l'Atocut,,Natocut,,,locality,node
5477563007,la Curtina,,Cortina,,,neighbourhood,node
1584980037,la Val,,Borgo Valle / La Val,,,neighbourhood,node
5477552612,la streta,,Streta,,,neighbourhood,node
9019082602,lis Cjasatis,,Casatte,,,isolated_dwelling,node
1288944425,Çale,Çala,Cialla,Čela,,hamlet,node
1465796775,Çampis,,Zampis / Çampis,,,village,node
1166303597,Çargneu Disore,,Cergneu,Černjeja,,hamlet,node
1166303591,Çargneu Disot,,Cergneu Inferiore,Dolénjena,,hamlet,node
66503401,Çarvignan,Sarvignan,Cervignano del Friuli,Červinjan,,town,node
3875037631,Çavatine,,Località Zavattina,,,isolated_dwelling,node
934658995,Çavez,,Cavezzo,,,hamlet,node
7728781097,Çoncolàn,,Zoncolan,,,isolated_dwelling,node
66502930,Çopule,Sopula,Zoppola,,,village,node
376673001,Çubits,,Ciubiz,Čubci,,hamlet,node
786900536,Çuc,,Zucco,,,hamlet,node
1799093097,Çucje,,Zucchia / Çucje,,,hamlet,node
1141574520,Çucule,Zucule,Zuccola / Çucule,,,hamlet,node
749258638,Çuian,,Zugliano,,,village,node
1288944437,Çuian,Suian,Zugliano,,,hamlet,node
1617600886,Çumpiel,,Cimpello,,,village,node
835715233,Çumpite,,Zompitta,,,village,node
474375897,Çupicje,,Zompicchia,,,village,node
66503212,Çurçuvint,,Cercivento,,,village,node
783467376,Çurçuvint Disore,,Cercivento di Sopra,,,locality,node
783467174,Çurçuvint Disot,,Cercivento di Sotto,,,locality,node
